0 0.57939237656249998 0.76041666640624994 0.061092753125000065 0.13194444531250005
0 0.29475568281249998 0.72569444453124998 0.4026567875 0.20416666718749998
0 0.40456788749999995 0.64861111171875008 0.16686248749999993 0.088888889062500032
0 0.18853759843750001 0.60347222187499994 0.25131337499999995 0.13472222187500005
0 0.264330996875 0.48680555624999999 0.43066960312500002 0.062499999999999944
0 0.30378074843749997 0.30555555546875002 0.44292246562499998 0.14722222343749997
0 0.56805060859375001 0.19583333359374999 0.14281422968750007 0.27261904843749996
0 0.94528637187499998 0.37734911640625002 0.10942725625000005 0.32850775468749999
0 0.88759744843749999 0.25238095234375002 0.070216996874999937 0.33809523906250005
0 0.83001151484375002 0.82847222265624998 0.10691232031249998 0.29583333281249979
0 0.85778094843750008 0.82083333359374988 0.13468175312500008 0.31666666718749992
0 0.90568322187499994 0.80763888906249992 0.15550882812500011 0.34027777812500004
0 0.92165064609374991 0.71736111093749999 0.14578952656249999 0.29305555625000002
0 0.83166187421875004 0.34464285703125003 0.058315810937500046 0.11547619218750005
0 0.93000871796874995 0.63571428593750001 0.12582844843749996 0.28095238125000005
0 0.92211088750000003 0.52261904765625 0.14876482187499995 0.20714285781250008
0 0.95900456328125006 0.58988095234375004 0.072597232812500079 0.14880952343749998
0 0.30749802578124996 0.64404761953125 0.071573889062500007 0.026190476562500065
0 0.16466609453125 0.72321428515624997 0.12152346718750001 0.060714285937500057
0 0.0347377234375 0.44464285703124995 0.069475446874999999 0.051190476562500031
0 0.12717110078124999 0.15892857187499998 0.11318012031249999 0.058333334375000018
