3 0.37578125 0.3 0.078125 0.075
3 0.63046875 0.290625 0.0625 0.0578125
3 0.759375 0.28828125 0.06875 0.0671875
3 0.88671875 0.32421875 0.0578125 0.053125
3 0.89140625 0.43515625 0.059375 0.0578125
3 0.88828125 0.51328125 0.065625 0.065625
3 0.88359375 0.59453125 0.0578125 0.059375
3 0.7609375 0.68515625 0.0625 0.065625
3 0.6421875 0.69375 0.065625 0.071875
3 0.39453125 0.7 0.0734375 0.075
3 0.2609375 0.709375 0.071875 0.0703125
3 0.115625 0.61875 0.075 0.0703125
3 0.10859375 0.515625 0.071875 0.0765625
3 0.103125 0.41328125 0.065625 0.0671875
