1 0.0890625 0.10833333333333334 0.042708333333333334 0.10555555555555556
1 0.3802083333333333 0.2111111111111111 0.0625 0.040740740740740744
1 0.2916666666666667 0.2074074074074074 0.04791666666666667 0.05185185185185185
1 0.16875 0.18796296296296297 0.03125 0.03888888888888889
1 0.41302083333333334 0.4425925925925926 0.051041666666666666 0.15925925925925927
1 0.484375 0.41203703703703703 0.07916666666666666 0.07592592592592592
1 0.23854166666666668 0.2935185185185185 0.28958333333333336 0.09074074074074075
1 0.35104166666666664 0.5685185185185185 0.15416666666666667 0.025925925925925925
2 0.5598958333333334 0.5972222222222222 0.009375 0.020370370370370372
2 0.5260416666666666 0.5712962962962963 0.010416666666666666 0.016666666666666666
2 0.6427083333333333 0.6111111111111112 0.0125 0.018518518518518517
2 0.6791666666666667 0.5925925925925926 0.0125 0.018518518518518517
4 0.42864583333333334 0.07962962962962963 0.04895833333333333 0.15555555555555556
2 0.9765625 0.7870370370370371 0.009375 0.018518518518518517
2 0.9411458333333333 0.9333333333333333 0.009375 0.014814814814814815