3 0.30104166666666665 0.16898148148148148 0.0125 0.026851851851851852
3 0.36744791666666665 0.04490740740740741 0.0203125 0.05092592592592592
3 0.47734375 0.09768518518518518 0.0203125 0.023148148148148147
2 0.43072916666666666 0.8513888888888889 0.005208333333333333 0.008333333333333333
2 0.42135416666666664 0.8685185185185185 0.00625 0.007407407407407408
2 0.41067708333333336 0.8680555555555556 0.005729166666666666 0.008333333333333333
2 0.39869791666666665 0.8666666666666667 0.0078125 0.011111111111111112
2 0.3880208333333333 0.8671296296296296 0.00625 0.008333333333333333
2 0.3768229166666667 0.8666666666666667 0.0067708333333333336 0.007407407407407408
2 0.39348958333333334 0.8532407407407407 0.0067708333333333336 0.008333333333333333
2 0.89609375 0.6476851851851851 0.008854166666666666 0.013888888888888888
2 0.81015625 0.6550925925925926 0.0078125 0.013888888888888888
2 0.7760416666666666 0.6087962962962963 0.008333333333333333 0.013888888888888888
2 0.771875 0.5337962962962963 0.008333333333333333 0.01574074074074074
2 0.9294270833333333 0.5138888888888888 0.0078125 0.014814814814814815
2 0.9309895833333334 0.5958333333333333 0.009895833333333333 0.01574074074074074
1 0.5828125 0.10555555555555556 0.084375 0.05925925925925926
1 0.54921875 0.1037037037037037 0.04739583333333333 0.02962962962962963
1 0.65546875 0.04953703703703704 0.058854166666666666 0.09907407407407408
2 0.84609375 0.46944444444444444 0.008854166666666666 0.011111111111111112