2 0.21056770833333335 0.16005555555555556 0.008927083333333327 0.015870370370370358
2 0.4185260416666667 0.08862037037037036 0.008182291666666685 0.013231481481481474
2 0.03496875 0.037037037037037035 0.007442708333333329 0.013231481481481474
2 0.037203125000000004 0.08200925925925925 0.007442708333333329 0.01058333333333334
1 0.35379687499999996 0.13690740740740742 0.06770833333333333 0.12301851851851853
1 0.4661458333333333 0.3293611111111111 0.2983645833333334 0.10317592592592588
1 0.5427812500000001 0.24602777777777776 0.05133854166666675 0.052907407407407396
1 0.6283489583333334 0.24602777777777776 0.06919791666666673 0.04497222222222227
4 0.08147395833333333 0.3630925925925926 0.046875 0.01190740740740742
4 0.189359375 0.49074074074074076 0.021578124999999972 0.007935185185185127
1 0.41890104166666664 0.22552777777777777 0.03571354166666663 0.03836111111111107
1 0.5654739583333334 0.6078055555555555 0.11904687500000008 0.030425925925925832
1 0.728796875 0.4537037037037037 0.08705208333333327 0.06613888888888894
1 0.650296875 0.48412962962962963 0.05803645833333325 0.15608333333333327
2 0.7957604166666666 0.6375648148148149 0.011161458333333247 0.018518518518518517
2 0.7593020833333333 0.6091296296296297 0.009671875000000085 0.017194444444444384
2 0.8802083333333334 0.6521203703703703 0.010416666666666666 0.01587037037037046
2 0.9155520833333333 0.6329351851851852 0.011161458333333247 0.01454629629629633
4 0.7020104166666666 0.09722222222222222 0.08109895833333335 0.19444444444444445