3 0.4078125 0.03148148148148148 0.013541666666666667 0.025925925925925925
2 0.5465833333333333 0.7664629629629629 0.005208333333333333 0.008231481481481574
2 0.5354479166666667 0.7836944444444445 0.007234374999999934 0.009777777777777727
2 0.5224270833333333 0.7824074074074074 0.007234375000000052 0.009259259259259259
2 0.5098385416666666 0.7816388888888889 0.006364583333333348 0.009777777777777727
2 0.49768749999999995 0.7803518518518519 0.0069427083333332956 0.008231481481481574
2 0.4853854166666667 0.780611111111111 0.0060781250000000375 0.008740740740740792
2 0.5049166666666667 0.7669722222222223 0.0057864583333332815 0.007203703703703678
2 0.500578125 0.7515462962962962 0.0057864583333332815 0.008231481481481574
2 0.96953125 0.4111111111111111 0.008854166666666666 0.014814814814814815
2 0.9697916666666667 0.4986111111111111 0.010416666666666666 0.01574074074074074