2 0.49609375 0.8576388888888888 0.013020833333333334 0.020833333333333332
2 0.5078125 0.9097222222222222 0.013020833333333334 0.018518518518518517
2 0.5182291666666666 0.9525462962962963 0.013020833333333334 0.016203703703703703
2 0.7513020833333334 0.8611111111111112 0.013020833333333334 0.018518518518518517
2 0.6979166666666666 0.8599537037037037 0.013020833333333334 0.016203703703703703
2 0.6458333333333334 0.8611111111111112 0.013020833333333334 0.013888888888888888
2 0.595703125 0.8599537037037037 0.014322916666666666 0.016203703703703703
2 0.8046875 0.9212962962962963 0.013020833333333334 0.018518518518518517
2 0.806640625 0.8680555555555556 0.01171875 0.018518518518518517
2 0.9772135416666666 0.9247685185185185 0.01171875 0.016203703703703703
2 0.9251302083333334 0.8599537037037037 0.014322916666666666 0.020833333333333332
2 0.8645833333333334 0.8611111111111112 0.015625 0.018518518518518517
2 0.9856770833333334 0.8680555555555556 0.013020833333333334 0.018518518518518517
2 0.802734375 0.9594907407407407 0.01171875 0.016203703703703703
2 0.56640625 0.0763888888888889 0.013020833333333334 0.018518518518518517