2 0.5286458333333334 0.1886574074074074 0.010416666666666666 0.02546296296296296
4 0.07942708333333333 0.2662037037037037 0.15625 0.09722222222222222
4 0.10807291666666667 0.17939814814814814 0.11197916666666667 0.03009259259259259
1 0.8404947916666666 0.09606481481481481 0.037760416666666664 0.05324074074074074
1 0.7115885416666666 0.6747685185185185 0.032552083333333336 0.034722222222222224
2 0.6393229166666666 0.5868055555555556 0.010416666666666666 0.02546296296296296
2 0.6438802083333334 0.5289351851851852 0.006510416666666667 0.020833333333333332
2 0.8997395833333334 0.2013888888888889 0.0078125 0.013888888888888888
2 0.8932291666666666 0.25578703703703703 0.010416666666666666 0.016203703703703703
2 0.8854166666666666 0.3101851851851852 0.0078125 0.013888888888888888
2 0.8470052083333334 0.5821759259259259 0.006510416666666667 0.020833333333333332
2 0.8391927083333334 0.6296296296296297 0.006510416666666667 0.018518518518518517
2 0.83203125 0.6805555555555556 0.0078125 0.018518518518518517
2 0.822265625 0.7314814814814815 0.006510416666666667 0.013888888888888888
2 0.8131510416666666 0.78125 0.006510416666666667 0.011574074074074073
2 0.8046875 0.8275462962962963 0.0078125 0.016203703703703703
2 0.7962239583333334 0.8773148148148148 0.009114583333333334 0.009259259259259259
2 0.783203125 0.9467592592592593 0.009114583333333334 0.013888888888888888
2 0.826171875 0.9293981481481481 0.006510416666666667 0.011574074074074073
2 0.7760416666666666 0.9884259259259259 0.0078125 0.018518518518518517
2 0.8548177083333334 0.9409722222222222 0.009114583333333334 0.016203703703703703
2 0.8828125 0.9548611111111112 0.0078125 0.011574074074074073
2 0.8919270833333334 0.59375 0.010416666666666666 0.016203703703703703
2 0.9192708333333334 0.6076388888888888 0.010416666666666666 0.016203703703703703
2 0.9479166666666666 0.6215277777777778 0.010416666666666666 0.016203703703703703
2 0.98828125 0.6446759259259259 0.0078125 0.016203703703703703
2 0.9765625 0.6944444444444444 0.0078125 0.018518518518518517
2 0.9641927083333334 0.7430555555555556 0.009114583333333334 0.013888888888888888
2 0.9270833333333334 0.8865740740740741 0.0078125 0.013888888888888888
2 0.939453125 0.9826388888888888 0.006510416666666667 0.016203703703703703
2 0.9108072916666666 0.96875 0.006510416666666667 0.016203703703703703
2 0.9140625 0.9363425925925926 0.0078125 0.011574074074074073
2 0.9680989583333334 0.9930555555555556 0.01171875 0.013888888888888888
2 0.9401041666666666 0.8414351851851852 0.010416666666666666 0.016203703703703703
2 0.9524739583333334 0.7928240740740741 0.009114583333333334 0.011574074074074073