0 0.3374583333333333 0.3861851851851852 0.007380208333333371 0.027009259259259222
3 0.3680572916666666 0.38696296296296295 0.03298437499999996 0.023916666666666704
2 0.412328125 0.5725277777777779 0.004338541666666629 0.0077129629629628955
2 0.412328125 0.5482222222222223 0.004338541666666629 0.006944444444444444
1 0.7838541666666666 0.5030833333333333 0.050348958333333374 0.024694444444444512
2 0.796875 0.13965740740740742 0.0069427083333332956 0.009259259259259259
2 0.8148854166666666 0.10840740740740741 0.006510416666666667 0.01002777777777779
2 0.9750416666666666 0.38155555555555554 0.006510416666666667 0.010027777777777816
2 0.9813385416666667 0.35609259259259257 0.0060781250000000375 0.008490740740740703
2 0.994359375 0.31751851851851853 0.005208333333333333 0.008490740740740703
3 0.38988020833333337 0.4669351851851852 0.009671874999999967 0.033064814814814845