1 0.03177083333333333 0.37777777777777777 0.021875 0.04814814814814815
3 0.47265625 0.13078703703703703 0.0109375 0.009722222222222222
3 0.47734375 0.14814814814814814 0.00625 0.013888888888888888
4 0.7083333333333334 0.4583333333333333 0.059244791666666664 0.024305555555555556
4 0.8128229166666666 0.7361111111111112 0.07421875 0.09027777777777778
4 0.7822239583333332 0.7271388888888889 0.021484375 0.013314814814814916
4 0.7395833333333334 0.7228055555555556 0.030598958333333332 0.03819444444444445
4 0.17992187499999998 0.37962962962962965 0.03882812499999998 0.021888888888888878
4 0.4420572916666667 0.6232685185185185 0.010416666666666666 0.056712962962962965
2 0.9332916666666667 0.03810185185185185 0.006010416666666647 0.010685185185185192
2 0.9609375 0.037037037037037035 0.006812499999999962 0.009972222222222219
4 0.9771614583333333 0.3653888888888889 0.04567187500000003 0.009972222222222205