1 0.349609375 0.02546296296296296 0.06901041666666667 0.041666666666666664
1 0.2779947916666667 0.061342592592592594 0.07161458333333333 0.03009259259259259
3 0.11458333333333333 0.06712962962962964 0.013020833333333334 0.023148148148148147
2 0.5462239583333334 0.5648148148148148 0.009114583333333334 0.018518518518518517
2 0.515625 0.5208333333333334 0.0078125 0.013888888888888888
2 0.5104166666666666 0.44907407407407407 0.0078125 0.018518518518518517
2 0.5716145833333334 0.39467592592592593 0.010416666666666666 0.016203703703703703
2 0.642578125 0.44212962962962965 0.009114583333333334 0.018518518518518517
2 0.6458333333333334 0.5185185185185185 0.010416666666666666 0.013888888888888888
2 0.619140625 0.5636574074074074 0.009114583333333334 0.016203703703703703
3 0.79709375 0.9054814814814814 0.028213541666666706 0.03935185185185185
3 0.8072916666666666 0.8614999999999999 0.01128645833333337 0.022379629629629697