4 0.244140625 0.9409722222222222 0.053385416666666664 0.1087962962962963
1 0.11197916666666667 0.6168981481481481 0.049479166666666664 0.05324074074074074
2 0.19661458333333334 0.5949074074074074 0.010416666666666666 0.018518518518518517
2 0.16276041666666666 0.5694444444444444 0.010416666666666666 0.018518518518518517
2 0.12890625 0.5428240740740741 0.013020833333333334 0.020833333333333332
2 0.09830729166666667 0.5208333333333334 0.01171875 0.018518518518518517
2 0.06770833333333333 0.4930555555555556 0.010416666666666666 0.018518518518518517
2 0.040364583333333336 0.4652777777777778 0.010416666666666666 0.018518518518518517
2 0.014322916666666666 0.4386574074074074 0.010416666666666666 0.020833333333333332
2 0.17057291666666666 0.7905092592592593 0.010416666666666666 0.016203703703703703
2 0.20963541666666666 0.7430555555555556 0.0078125 0.018518518518518517
2 0.16927083333333334 0.9108796296296297 0.0078125 0.016203703703703703
2 0.10807291666666667 0.9548611111111112 0.0078125 0.016203703703703703
2 0.13932291666666666 0.7685185185185185 0.010416666666666666 0.013888888888888888
2 0.138671875 0.9826388888888888 0.006510416666666667 0.011574074074074073
2 0.18489583333333334 0.8715277777777778 0.0078125 0.016203703703703703
2 0.15625 0.9456018518518519 0.010416666666666666 0.016203703703703703
3 0.0234375 0.2326388888888889 0.015625 0.07175925925925926