3 0.10449479166666667 0.04803703703703704 0.008463541666666666 0.01273148148148148
4 0.25879166666666664 0.3333333333333333 0.017578125 0.032407407407407406
4 0.4244791666666667 0.25637037037037036 0.016927083333333332 0.03587962962962963
3 0.8239895833333333 0.7606203703703704 0.011333333333333447 0.013620370370370404
3 0.7944218749999999 0.6386203703703704 0.007963541666666648 0.02014814814814814
4 0.7072916666666667 0.21898148148148147 0.017708333333333333 0.025
4 0.6692708333333334 0.2439814814814815 0.016666666666666666 0.021296296296296296
4 0.6841145833333333 0.22546296296296298 0.015104166666666667 0.019444444444444445
3 0.905671875 0.18544444444444444 0.008104166666666638 0.00977777777777778
3 0.88903125 0.20678703703703705 0.004916666666666695 0.012342592592592579
3 0.9541354166666667 0.1671851851851852 0.02170312500000004 0.0257222222222222
4 0.3974895833333333 0.3236574074074074 0.0061562499999999664 0.06481481481481481