2 0.11421354166666667 0.013888888888888888 0.009671874999999996 0.017194444444444446
2 0.11755729166666667 0.07539814814814816 0.008927083333333327 0.018518518518518517
2 0.12090624999999999 0.13690740740740742 0.008182291666666655 0.01719444444444444
2 0.12425520833333333 0.19510185185185186 0.010416666666666666 0.0198425925925926
2 0.12797395833333333 0.2526481481481482 0.007442708333333344 0.010583333333333287
2 0.12946354166666665 0.2910092592592593 0.0059531250000000036 0.010583333333333287
2 0.1328125 0.33796296296296297 0.006697916666666674 0.01190740740740742
2 0.13541666666666666 0.3816111111111111 0.005953124999999974 0.01190740740740742
2 0.3627239583333333 0.5879629629629629 0.006697916666666614 0.011907407407407315
2 0.4151770833333333 0.32605555555555554 0.007442708333333314 0.01190740740740742
2 0.4140625 0.27447222222222223 0.006697916666666614 0.01190740740740742
2 0.4125729166666667 0.17923148148148146 0.006697916666666614 0.009259259259259259
2 0.41182812500000004 0.12102777777777779 0.008182291666666685 0.014546296296296278
2 0.4114583333333333 0.06018518518518518 0.005953125000000033 0.014546296296296304
2 0.41034375 0.004629629629629629 0.006697916666666614 0.009259259259259259
2 0.48846875 0.3207685185185185 0.008182291666666685 0.01190740740740742
2 0.5107864583333334 0.24735185185185185 0.008182291666666685 0.018518518518518517
2 0.5572916666666666 0.23280555555555557 0.007442708333333314 0.013231481481481448
2 0.5948645833333334 0.2896851851851852 0.008182291666666685 0.015870370370370358
2 0.6886145833333334 0.5350555555555556 0.011161458333333247 0.01454629629629633
3 0.41034375 0.3948425925925926 0.024552083333333384 0.046296296296296294
3 0.40699479166666663 0.4550277777777778 0.01785937499999998 0.02645370370370375
4 0.16778125 0.09457407407407406 0.03496874999999999 0.06481481481481481
2 0.7799479166666666 0.006481481481481481 0.0109375 0.012962962962962963
2 0.7771562500000001 0.06878703703703705 0.011161458333333247 0.021166666666666653
2 0.7734375 0.11508333333333334 0.011161458333333247 0.021166666666666653
2 0.771203125 0.17989814814814814 0.012651041666666647 0.02116666666666668
2 0.767859375 0.2433888888888889 0.008927083333333268 0.018518518518518517
3 0.4205729166666667 0.7094907407407407 0.020833333333333332 0.04861111111111111
3 0.140625 0.7708333333333334 0.020833333333333332 0.05092592592592592