2 0.4622395833333333 0.3773148148148148 0.013020833333333334 0.023148148148148147
2 0.5657552083333334 0.7210648148148148 0.009114583333333334 0.020833333333333332
2 0.5611979166666666 0.7754629629629629 0.010416666666666666 0.018518518518518517
1 0.7473958333333334 0.052083333333333336 0.0625 0.0763888888888889
1 0.7610677083333334 0.33101851851851855 0.032552083333333336 0.037037037037037035
1 0.6295572916666666 0.8703703703703703 0.032552083333333336 0.041666666666666664
2 0.7268229166666667 0.9944444444444445 0.0046875 0.007407407407407408
2 0.7359375 0.9453703703703704 0.00625 0.011111111111111112
2 0.7442708333333333 0.8967592592592593 0.004166666666666667 0.010185185185185186
2 0.753125 0.8458333333333333 0.005208333333333333 0.010185185185185186
2 0.7614583333333333 0.7967592592592593 0.007291666666666667 0.012037037037037037
2 0.8057291666666667 0.8157407407407408 0.008333333333333333 0.011111111111111112
2 0.8317708333333333 0.8324074074074074 0.005208333333333333 0.009259259259259259
2 0.8559895833333333 0.8490740740740741 0.0046875 0.009259259259259259
2 0.896875 0.8740740740740741 0.005208333333333333 0.011111111111111112
2 0.8846354166666667 0.924074074074074 0.0046875 0.009259259259259259
2 0.8729166666666667 0.9736111111111111 0.00625 0.010185185185185186
2 0.9377604166666667 0.9027777777777778 0.005729166666666666 0.011111111111111112
2 0.9645833333333333 0.9189814814814815 0.005208333333333333 0.008333333333333333
2 0.9885416666666667 0.937037037037037 0.005208333333333333 0.009259259259259259
2 0.9940104166666667 0.9949074074074075 0.0046875 0.010185185185185186
2 0.8010416666666667 0.5393518518518519 0.004166666666666667 0.008333333333333333
2 0.8088541666666667 0.4888888888888889 0.005208333333333333 0.011111111111111112
2 0.8161458333333333 0.4361111111111111 0.005208333333333333 0.012962962962962963