1 0.6236979166666666 0.25810185185185186 0.028645833333333332 0.05324074074074074
2 0.3287760416666667 0.34375 0.01171875 0.020833333333333332
2 0.681640625 0.35648148148148145 0.006510416666666667 0.013888888888888888
2 0.67578125 0.40625 0.005208333333333333 0.016203703703703703
2 0.669921875 0.4583333333333333 0.006510416666666667 0.013888888888888888
2 0.6399739583333334 0.7071759259259259 0.006510416666666667 0.016203703703703703
2 0.634765625 0.7557870370370371 0.006510416666666667 0.016203703703703703
2 0.6276041666666666 0.8055555555555556 0.005208333333333333 0.013888888888888888
2 0.62109375 0.8518518518518519 0.005208333333333333 0.013888888888888888
2 0.6145833333333334 0.9004629629629629 0.005208333333333333 0.013888888888888888
2 0.6080729166666666 0.9456018518518519 0.005208333333333333 0.016203703703703703
2 0.6015625 0.9918981481481481 0.0078125 0.016203703703703703
2 0.7532552083333334 0.8599537037037037 0.009114583333333334 0.016203703703703703
2 0.7630208333333334 0.8113425925925926 0.0078125 0.016203703703703703
2 0.8131510416666666 0.7835648148148148 0.009114583333333334 0.016203703703703703
2 0.7350260416666666 0.7442129629629629 0.009114583333333334 0.016203703703703703
2 0.708984375 0.7314814814814815 0.009114583333333334 0.009259259259259259
2 0.68359375 0.71875 0.010416666666666666 0.016203703703703703
2 0.6569010416666666 0.7060185185185185 0.006510416666666667 0.018518518518518517
2 0.8385416666666666 0.7928240740740741 0.005208333333333333 0.016203703703703703
2 0.7727864583333334 0.7627314814814815 0.006510416666666667 0.016203703703703703
2 0.87890625 0.8125 0.0078125 0.018518518518518517
2 0.8619791666666666 0.8067129629629629 0.0078125 0.020833333333333332
2 0.8704427083333334 0.8587962962962963 0.006510416666666667 0.013888888888888888
2 0.857421875 0.9085648148148148 0.006510416666666667 0.011574074074074073
2 0.953125 0.8518518518518519 0.0078125 0.013888888888888888
2 0.9856770833333334 0.8668981481481481 0.0078125 0.016203703703703703
2 0.8919270833333334 0.8194444444444444 0.005208333333333333 0.013888888888888888
2 0.982421875 0.30092592592592593 0.006510416666666667 0.013888888888888888
2 0.9928385416666666 0.2662037037037037 0.006510416666666667 0.009259259259259259
1 0.515625 0.8032407407407407 0.026041666666666668 0.032407407407407406