0 0.5248854166666667 0.04526851851851852 0.008104166666666638 0.09053703703703704
2 0.7051510416666668 0.08641666666666667 0.005208333333333333 0.008231481481481496
2 0.6252916666666667 0.009777777777777778 0.005208333333333333 0.007203703703703704
2 0.7184583333333333 0.020064814814814817 0.006364583333333229 0.007203703703703704
2 0.6626145833333333 0.09722222222222222 0.0057864583333333995 0.007203703703703704
2 0.62384375 0.06533333333333334 0.004630208333333267 0.007203703703703704
2 0.452125 0.01211111111111111 0.006010416666666647 0.008546296296296297
3 0.692234375 0.5033703703703704 0.017994791666666763 0.03535185185185191
3 0.8238645833333333 0.5071574074074074 0.012312499999999933 0.029462962962962903
4 0.6519895833333333 0.6148981481481481 0.04924479166666676 0.012629629629629721
3 0.56084375 0.9267685185185185 0.012786458333333427 0.021888888888888982
1 0.28496875 0.8730185185185185 0.020833333333333332 0.07142592592592602
3 0.8325104166666667 0.05799074074074074 0.005484375000000105 0.015592592592592595
3 0.8322343750000001 0.044592592592592586 0.006031249999999962 0.010231481481481479