0 0.16861979166666666 0.41782407407407407 0.048177083333333336 0.04861111111111111
2 0.5299479166666666 0.7615740740740741 0.013020833333333334 0.023148148148148147
2 0.57421875 0.6504629629629629 0.015625 0.023148148148148147
2 0.498046875 0.47685185185185186 0.014322916666666666 0.023148148148148147
2 0.10546875 0.33796296296296297 0.013020833333333334 0.018518518518518517
2 0.078125 0.30324074074074076 0.010416666666666666 0.023148148148148147
2 0.2623697916666667 0.32060185185185186 0.006510416666666667 0.020833333333333332
2 0.4407552083333333 0.09722222222222222 0.009114583333333334 0.018518518518518517
2 0.470703125 0.07407407407407407 0.009114583333333334 0.018518518518518517
2 0.275390625 0.2708333333333333 0.006510416666666667 0.013888888888888888
2 0.21354166666666666 0.5104166666666666 0.010416666666666666 0.016203703703703703
2 0.22526041666666666 0.4664351851851852 0.0078125 0.020833333333333332
2 0.08463541666666667 0.8819444444444444 0.0078125 0.023148148148148147
2 0.060546875 0.8587962962962963 0.009114583333333334 0.013888888888888888
2 0.061197916666666664 0.9247685185185185 0.010416666666666666 0.016203703703703703
2 0.013671875 0.7997685185185185 0.009114583333333334 0.016203703703703703