1 0.046875 0.5009259259259259 0.05 0.10185185185185185
1 0.10364583333333334 0.39351851851851855 0.023958333333333335 0.07592592592592592
2 0.2800364583333333 0.03981481481481482 0.004515625000000038 0.006787037037037036
2 0.2671875 0.0030833333333333333 0.0038177083333332954 0.004935185185185186
2 0.24618229166666666 0.012342592592592593 0.002776041666666688 0.0049351851851851865
2 0.09201562499999999 0.44289814814814815 0.0034739583333333415 0.005555555555555556
2 0.11354166666666667 0.825925925925926 0.004166666666666667 0.007407407407407408
2 0.10972395833333333 0.8083333333333333 0.004166666666666667 0.008027777777777845
4 0.14947916666666666 0.7407407407407407 0.011458333333333333 0.003703703703703704
4 0.171875 0.7407407407407407 0.0125 0.003703703703703704
1 0.3125 0.8287037037037037 0.010416666666666666 0.029833333333333358