3 0.46875 0.2796296296296296 0.014583333333333334 0.024074074074074074
3 0.4140625 0.2625 0.01875 0.030555555555555555
3 0.34921875 0.1425925925925926 0.0140625 0.016666666666666666
3 0.3502604166666667 0.12453703703703704 0.013020833333333334 0.013888888888888888
2 0.5610364583333334 0.18778703703703703 0.00358333333333339 0.0063703703703703665
2 0.5638020833333334 0.12818518518518518 0.00390625 0.005212962962962959
2 0.5654322916666668 0.11226851851851852 0.0032552083333333335 0.005787037037037037
2 0.5668958333333334 0.09809259259259259 0.0029322916666667236 0.005212962962962959
2 0.5695 0.08507407407407407 0.0029322916666667236 0.005787037037037037
2 0.548828125 0.06712962962962964 0.00390625 0.005787037037037037
1 0.8266354166666667 0.20039814814814816 0.03571354166666675 0.03836111111111112
1 0.6895052083333333 0.2973611111111111 0.020833333333333332 0.012111111111111149
2 0.7604166666666666 0.2713703703703704 0.004807291666666676 0.007120370370370421
2 0.7692291666666667 0.2532037037037037 0.0040052083333333615 0.0064074074074073695
2 0.7782447916666667 0.23397222222222222 0.004406250000000019 0.0064074074074073695
2 0.7862604166666666 0.2211574074074074 0.004406250000000019 0.007833333333333314
2 0.7940729166666666 0.21082407407407408 0.0040052083333333615 0.005694444444444423
2 0.8018854166666666 0.2015648148148148 0.0036041666666667047 0.005694444444444423
2 0.8082916666666667 0.1947962962962963 0.0036041666666667047 0.004981481481481477
2 0.8165052083333334 0.18483333333333335 0.0032031250000000475 0.006407407407407422
4 0.7587447916666666 0.4351851851851852 0.09932812500000002 0.02645370370370375