1 0.337890625 0.2175925925925926 0.06640625 0.09259259259259259
2 0.099609375 0.9733796296296297 0.01171875 0.02546296296296296
2 0.10872395833333333 0.9097222222222222 0.01171875 0.027777777777777776
2 0.3723958333333333 0.7083333333333334 0.005208333333333333 0.018518518518518517
2 0.3834635416666667 0.65625 0.01171875 0.016203703703703703
2 0.3899739583333333 0.6053240740740741 0.009114583333333334 0.020833333333333332
2 0.326171875 0.9722222222222222 0.009114583333333334 0.018518518518518517
2 0.37109375 0.9837962962962963 0.0078125 0.018518518518518517
2 0.3450520833333333 0.9710648148148148 0.010416666666666666 0.016203703703703703
0 0.8294270833333334 0.35648148148148145 0.026041666666666668 0.046296296296296294
2 0.6751302083333334 0.6018518518518519 0.006510416666666667 0.009259259259259259
2 0.6848958333333334 0.5706018518518519 0.005208333333333333 0.011574074074074073
2 0.69140625 0.5405092592592593 0.005208333333333333 0.011574074074074073
2 0.7109375 0.6342592592592593 0.0078125 0.013888888888888888
2 0.6946614583333334 0.6168981481481481 0.006510416666666667 0.020833333333333332
2 0.744140625 0.6643518518518519 0.00390625 0.013888888888888888
2 0.7298177083333334 0.6504629629629629 0.006510416666666667 0.013888888888888888
2 0.7623697916666666 0.6793981481481481 0.006510416666666667 0.016203703703703703
2 0.77734375 0.6956018518518519 0.0078125 0.011574074074074073
2 0.857421875 0.7939814814814815 0.006510416666666667 0.013888888888888888
2 0.869140625 0.8032407407407407 0.006510416666666667 0.013888888888888888
2 0.8951822916666666 0.8263888888888888 0.006510416666666667 0.013888888888888888
2 0.91796875 0.8472222222222222 0.0078125 0.013888888888888888
2 0.80859375 0.7199074074074074 0.005208333333333333 0.009259259259259259
2 0.8235677083333334 0.7361111111111112 0.00390625 0.009259259259259259
2 0.8385416666666666 0.7476851851851852 0.005208333333333333 0.009259259259259259
2 0.8515625 0.7615740740740741 0.005208333333333333 0.009259259259259259
2 0.7936197916666666 0.7094907407407407 0.006510416666666667 0.011574074074074073
2 0.919921875 0.9432870370370371 0.006510416666666667 0.016203703703703703
2 0.8678385416666666 0.90625 0.006510416666666667 0.011574074074074073
1 0.3411458333333333 0.5 0.03125 0.041666666666666664