0 0.8375416666666666 0.22150925925925924 0.009213541666666695 0.019944444444444463
1 0.6758802083333334 0.22187037037037038 0.04647395833333334 0.0448703703703704
1 0.6299166666666667 0.3271574074074074 0.016781249999999897 0.039092592592592616
1 0.62615625 0.2515462962962963 0.052083333333333336 0.033953703703703667
1 0.6145833333333334 0.12448148148148148 0.07985937499999997 0.1399166666666667
2 0.688078125 0.07664814814814815 0.0069427083333332956 0.011314814814814814
2 0.46465625 0.15608333333333332 0.008182291666666685 0.0132314814814815
1 0.4769947916666667 0.6404351851851852 0.06510416666666667 0.024694444444444512
1 0.814671875 0.6234537037037038 0.0789947916666667 0.030861111111111044
1 0.9635416666666666 0.4652777777777778 0.0711822916666667 0.06636111111111118
1 0.7743072916666667 0.23534259259259258 0.1006927083333333 0.05400925925925924
1 0.7157135416666667 0.3341018518518518 0.28211979166666673 0.09413888888888886
1 0.6801197916666666 0.6018518518518519 0.1102447916666667 0.046296296296296294
4 0.9643229166666667 0.12083333333333333 0.07135416666666666 0.13055555555555556
4 0.209375 0.7018518518518518 0.05416666666666667 0.07037037037037037
4 0.31614583333333335 0.3675925925925926 0.04895833333333333 0.012962962962962963
4 0.42135416666666664 0.4981481481481482 0.021875 0.014814814814814815