2 0.035416666666666666 0.6296296296296297 0.003125 0.007407407407407408
2 0.04088541666666667 0.7277777777777777 0.0036458333333333334 0.007407407407407408
2 0.12708333333333333 0.7393518518518518 0.004166666666666667 0.008333333333333333
2 0.11953125 0.6 0.0046875 0.007407407407407408
2 0.20494791666666667 0.5805555555555556 0.0026041666666666665 0.007407407407407408
2 0.29270833333333335 0.5685185185185185 0.004166666666666667 0.007407407407407408
2 0.30026041666666664 0.5675925925925925 0.0067708333333333336 0.012962962962962963
2 0.2596354166666667 0.611574074074074 0.005729166666666666 0.008333333333333333
2 0.2518229166666667 0.6129629629629629 0.0036458333333333334 0.007407407407407408
2 0.22057291666666667 0.737037037037037 0.0067708333333333336 0.012962962962962963
2 0.21328125 0.7384259259259259 0.0036458333333333334 0.008333333333333333
2 0.25416666666666665 0.6675925925925926 0.004166666666666667 0.007407407407407408
2 0.2994791666666667 0.7305555555555555 0.004166666666666667 0.005555555555555556
2 0.4044270833333333 0.6018518518518519 0.0078125 0.009259259259259259
2 0.38333333333333336 0.562037037037037 0.004166666666666667 0.007407407407407408
2 0.4635416666666667 0.5597222222222222 0.004166666666666667 0.008333333333333333
2 0.39869791666666665 0.6578703703703703 0.0036458333333333334 0.008333333333333333
2 0.3880208333333333 0.7185185185185186 0.003125 0.007407407407407408
2 0.46796875 0.7013888888888888 0.0036458333333333334 0.006481481481481481
2 0.4713541666666667 0.8074074074074075 0.00625 0.011111111111111112
2 0.46510416666666665 0.8092592592592592 0.004166666666666667 0.005555555555555556
2 0.3927083333333333 0.8379629629629629 0.007291666666666667 0.011111111111111112
2 0.3859375 0.8421296296296297 0.004166666666666667 0.006481481481481481
2 0.39921875 0.9083333333333333 0.0067708333333333336 0.009259259259259259
2 0.3921875 0.9087962962962963 0.003125 0.006481481481481481
2 0.46927083333333336 0.9083333333333333 0.00625 0.011111111111111112
2 0.46328125 0.9087962962962963 0.0026041666666666665 0.006481481481481481
2 0.3966145833333333 0.600925925925926 0.0036458333333333334 0.007407407407407408
2 0.7510416666666667 0.8092592592592592 0.00625 0.012962962962962963
2 0.7567708333333333 0.8097222222222222 0.004166666666666667 0.006481481481481481
2 0.8041666666666667 0.8240740740740741 0.005208333333333333 0.011111111111111112
2 0.85078125 0.8041666666666667 0.005729166666666666 0.008333333333333333
2 0.8486979166666667 0.7560185185185185 0.0036458333333333334 0.006481481481481481
2 0.7838541666666666 0.7472222222222222 0.005208333333333333 0.011111111111111112
2 0.7778645833333333 0.7476851851851852 0.0026041666666666665 0.006481481481481481
2 0.70703125 0.7527777777777778 0.005729166666666666 0.011111111111111112
2 0.7013020833333333 0.7541666666666667 0.0046875 0.008333333333333333
2 0.5567708333333333 0.6759259259259259 0.007291666666666667 0.012962962962962963
2 0.5494791666666666 0.6791666666666667 0.003125 0.006481481481481481
2 0.5721354166666667 0.6180555555555556 0.005729166666666666 0.013888888888888888
2 0.5471354166666667 0.5652777777777778 0.0036458333333333334 0.008333333333333333
2 0.578125 0.625462962962963 0.003125 0.008333333333333333
2 0.6302083333333334 0.6199074074074075 0.004166666666666667 0.006481481481481481
2 0.5434895833333333 0.7856481481481481 0.0026041666666666665 0.006481481481481481
2 0.5497395833333333 0.7824074074074074 0.0067708333333333336 0.009259259259259259
2 0.525 0.9199074074074074 0.003125 0.006481481481481481
2 0.5315104166666667 0.9166666666666666 0.005729166666666666 0.007407407407407408
2 0.60234375 0.888425925925926 0.0046875 0.006481481481481481
2 0.5955729166666667 0.8935185185185185 0.0026041666666666665 0.005555555555555556
2 0.62265625 0.7680555555555556 0.0036458333333333334 0.006481481481481481
3 0.73125 0.13657407407407407 0.025 0.023148148148148147