4 0.21845833333333334 0.4609074074074074 0.05960416666666664 0.024694444444444408
2 0.384546875 0.057101851851851855 0.006364583333333348 0.011314814814814814
2 0.3602447916666666 0.05812962962962963 0.006364583333333348 0.011314814814814814
4 0.45341666666666663 0.36368518518518517 0.04918750000000003 0.01131481481481484
4 0.33217708333333335 0.7227407407407407 0.0625 0.07715740740740734
4 0.30439583333333337 0.715537037037037 0.01967708333333332 0.017490740740740834
1 0.7731458333333333 0.11059259259259259 0.08217708333333344 0.14094444444444448
1 0.796875 0.30144444444444446 0.0995364583333334 0.039092592592592616
1 0.78009375 0.3220185185185185 0.020833333333333332 0.039092592592592616
1 0.6128489583333334 0.6466018518518519 0.07639062500000003 0.027777777777777776
1 0.95540625 0.6267407407407407 0.08268229166666667 0.03125
1 0.9775416666666668 0.2222222222222222 0.018880208333333332 0.03935185185185185
0 0.9915364583333334 0.21237962962962964 0.010416666666666666 0.024305555555555556
4 0.55696875 0.5017407407407407 0.021484375 0.008101851851851851