1 0.498046875 0.3576388888888889 0.014322916666666666 0.09490740740740741
1 0.443359375 0.4710648148148148 0.045572916666666664 0.10416666666666667
1 0.048828125 0.6076388888888888 0.014322916666666666 0.03009259259259259
4 0.46064583333333337 0.6424907407407408 0.020833333333333332 0.005148148148148098
2 0.4956614583333333 0.4171851851851852 0.005208333333333333 0.01131481481481484
1 0.8726875 0.9783981481481482 0.01735937499999996 0.03909259259259241
4 0.6053229166666667 0.8379629629629629 0.020833333333333332 0.007203703703703678
4 0.6449635416666666 0.8410462962962963 0.0214114583333334 0.007203703703703678
2 0.5237291666666667 0.9531851851851852 0.0057864583333332815 0.009259259259259259
2 0.52228125 0.9295277777777777 0.007520833333333362 0.01131481481481484
2 0.90075 0.8652222222222222 0.006364583333333229 0.010287037037036944
2 0.874421875 0.8858055555555555 0.0057864583333333995 0.010287037037036944
3 0.6588541666666666 0.0663611111111111 0.014468750000000105 0.015435185185185173
3 0.49768749999999995 0.784462962962963 0.009260416666666653 0.013370370370370421