2 0.17916666666666667 0.28055555555555556 0.014583333333333334 0.024074074074074074
2 0.13645833333333332 0.23425925925925925 0.014583333333333334 0.024074074074074074
2 0.10625 0.48055555555555557 0.0125 0.020370370370370372
2 0.075 0.41759259259259257 0.0125 0.020370370370370372
3 0.03802083333333333 0.6064814814814815 0.07604166666666666 0.027777777777777776
1 0.23333333333333334 0.3425925925925926 0.029166666666666667 0.06296296296296296
4 0.41290625 0.3456759259259259 0.043401041666666626 0.024694444444444408
4 0.4791666666666667 0.6121388888888889 0.04282291666666668 0.034981481481481454
4 0.6866302083333333 0.5951666666666666 0.015625 0.060703703703703656
3 0.7615989583333334 0.0534537037037037 0.012786458333333427 0.009259259259259259
3 0.764203125 0.07238888888888889 0.007578125000000094 0.01514814814814816
4 0.968515625 0.39183333333333337 0.040244791666666654 0.009259259259259259
4 0.8640625 0.6694444444444444 0.020833333333333332 0.02962962962962963