2 0.2701822916666667 0.1875 0.014322916666666666 0.023148148148148147
2 0.23307291666666666 0.15856481481481483 0.013020833333333334 0.020833333333333332
2 0.1953125 0.13078703703703703 0.013020833333333334 0.020833333333333332
2 0.15950520833333334 0.10416666666666667 0.01171875 0.018518518518518517
2 0.12434895833333333 0.07407407407407407 0.014322916666666666 0.018518518518518517
2 0.06510416666666667 0.016203703703703703 0.010416666666666666 0.023148148148148147
2 0.09309895833333333 0.04398148148148148 0.01171875 0.023148148148148147
2 0.234375 0.43171296296296297 0.013020833333333334 0.020833333333333332
2 0.19986979166666666 0.4074074074074074 0.01171875 0.018518518518518517
2 0.2799479166666667 0.36921296296296297 0.0078125 0.016203703703703703
2 0.2708333333333333 0.4236111111111111 0.010416666666666666 0.013888888888888888
2 0.24674479166666666 0.5254629629629629 0.009114583333333334 0.018518518518518517
2 0.22721354166666666 0.5763888888888888 0.009114583333333334 0.013888888888888888
2 0.20963541666666666 0.6203703703703703 0.010416666666666666 0.018518518518518517
2 0.18815104166666666 0.6655092592592593 0.006510416666666667 0.016203703703703703
2 0.171875 0.7106481481481481 0.010416666666666666 0.023148148148148147
2 0.13736979166666666 0.7928240740740741 0.01171875 0.020833333333333332
2 0.15559895833333334 0.6365740740740741 0.009114583333333334 0.018518518518518517
2 0.12044270833333333 0.6111111111111112 0.009114583333333334 0.018518518518518517
2 0.15169270833333334 0.7534722222222222 0.009114583333333334 0.016203703703703703
1 0.17643229166666666 0.2152777777777778 0.05078125 0.06481481481481481
3 0.9069010416666666 0.7858796296296297 0.045572916666666664 0.016203703703703703
3 0.94921875 0.9467592592592593 0.018229166666666668 0.018518518518518517