0 0.14192708333333334 0.01574074074074074 0.06197916666666667 0.03148148148148148
2 0.13098958333333333 0.4930555555555556 0.0078125 0.012037037037037037
2 0.18958333333333333 0.5356481481481481 0.00625 0.013888888888888888
2 0.0859375 0.5444444444444444 0.00625 0.011111111111111112
2 0.09635416666666667 0.6092592592592593 0.00625 0.012962962962962963
2 0.19869791666666667 0.6032407407407407 0.005729166666666666 0.012037037037037037
2 0.12552083333333333 0.65 0.007291666666666667 0.011111111111111112
3 0.4010416666666667 0.9611111111111111 0.017708333333333333 0.020370370370370372
2 0.6229166666666667 0.6226851851851852 0.008333333333333333 0.013888888888888888
2 0.7135416666666666 0.5791666666666667 0.008333333333333333 0.01574074074074074
2 0.5888020833333333 0.5851851851851851 0.0067708333333333336 0.012962962962962963
2 0.5846354166666666 0.5083333333333333 0.0078125 0.014814814814814815
2 0.7111979166666667 0.4975925925925926 0.0078125 0.01593518518518522
2 0.6744791666666666 0.4553611111111111 0.008333333333333333 0.016666666666666666