2 0.050520833333333334 0.3101851851851852 0.011458333333333333 0.016666666666666666
2 0.010416666666666666 0.2657407407407407 0.010416666666666666 0.024074074074074074
1 0.10026041666666667 0.36650925925925926 0.033854166666666664 0.05710185185185181
4 0.349828125 0.6296296296296297 0.034723958333333374 0.024694444444444512
4 0.2721354166666667 0.3765462962962963 0.0460052083333333 0.024694444444444408
4 0.5476197916666667 0.6283055555555556 0.014880208333333419 0.06084259259259263
4 0.8273802083333333 0.44378703703703704 0.05654687500000009 0.019842592592592547
3 0.599328125 0.10582407407407408 0.012651041666666647 0.01058333333333334
3 0.6030520833333333 0.125 0.006697916666666733 0.01719444444444444
3 0.9419635416666666 0.15938888888888889 0.008927083333333268 0.025129629629629616
4 0.8548177083333334 0.7147037037037037 0.03515625 0.04050925925925926
4 0.923828125 0.7204907407407407 0.06510416666666667 0.07523148148148148
4 0.8997395833333334 0.71875 0.022135416666666668 0.016203703703703703
4 0.7184270833333334 0.7083333333333334 0.014973958333333334 0.020833333333333332