2 0.2858072916666667 0.5763888888888888 0.009114583333333334 0.018518518518518517
2 0.2421875 0.5405092592592593 0.010416666666666666 0.020833333333333332
2 0.095703125 0.017944444444444443 0.010416666666666666 0.017361111111111112
2 0.08496354166666667 0.06192592592592592 0.009765625 0.019675925925925927
2 0.10644791666666667 0.05555555555555555 0.007161458333333333 0.011574074074074073
2 0.07421875 0.11053703703703703 0.006510416666666667 0.01273148148148148
2 0.09472916666666667 0.10359259259259258 0.008463541666666666 0.01273148148148148
2 0.08333333333333333 0.15046296296296297 0.006510416666666667 0.013888888888888888
2 0.062828125 0.15914814814814815 0.004557291666666667 0.010416666666666666
2 0.07291666666666667 0.19907407407407407 0.005208333333333333 0.013888888888888888
2 0.052083333333333336 0.20544444444444443 0.005208333333333333 0.01273148148148148
2 0.041666666666666664 0.2505833333333333 0.006510416666666667 0.01273148148148148
2 0.061197916666666664 0.2447962962962963 0.005208333333333333 0.015046296296296295
2 0.051109375 0.28935185185185186 0.005859375 0.011574074074074073
2 0.031578125 0.29456481481481483 0.005859375 0.01273148148148148
2 0.021812500000000002 0.33796296296296297 0.005859375 0.013888888888888888
2 0.01171875 0.38137037037037036 0.005208333333333333 0.010416666666666666
2 0.003583333333333333 0.4224537037037037 0.007161458333333333 0.011574074074074073
2 0.020833333333333332 0.41782407407407407 0.006510416666666667 0.011574074074074073
2 0.031578125 0.3761574074074074 0.005859375 0.013888888888888888
2 0.041015625 0.33275925925925925 0.006510416666666667 0.01273148148148148
2 0.11783854166666667 0.006370370370370369 0.006510416666666667 0.01273148148148148
2 0.01171875 0.46123148148148146 0.005208333333333333 0.01273148148148148
2 0.0032552083333333335 0.49942592592592594 0.005208333333333333 0.010416666666666666
2 0.3375677083333333 0.6504629629629629 0.007161458333333333 0.013888888888888888