4 0.8600260416666666 0.4398148148148148 0.032552083333333336 0.09722222222222222
2 0.259375 0.03518518518518519 0.010416666666666666 0.022222222222222223
2 0.26666666666666666 0.09166666666666666 0.010416666666666666 0.016666666666666666
2 0.2713541666666667 0.14629629629629629 0.011458333333333333 0.018518518518518517
2 0.2796875 0.20185185185185187 0.007291666666666667 0.014814814814814815
2 0.28541666666666665 0.24444444444444444 0.010416666666666666 0.014814814814814815
2 0.2916666666666667 0.29259259259259257 0.008333333333333333 0.014814814814814815
2 0.2984375 0.3425925925925926 0.007291666666666667 0.011111111111111112
2 0.007291666666666667 0.10185185185185185 0.010416666666666666 0.011111111111111112
2 0.011458333333333333 0.058333333333333334 0.010416666666666666 0.016666666666666666
2 0.0375 0.037037037037037035 0.008333333333333333 0.011111111111111112
2 0.05364583333333333 0.023148148148148147 0.005208333333333333 0.016666666666666666
2 0.078125 0.040740740740740744 0.008333333333333333 0.014814814814814815
2 0.0671875 0.12407407407407407 0.007291666666666667 0.018518518518518517
2 0.084375 0.004629629629629629 0.00625 0.009259259259259259
2 0.13125 0.003703703703703704 0.004166666666666667 0.007407407407407408
2 0.07552083333333333 0.18611111111111112 0.005208333333333333 0.012962962962962963
2 0.08489583333333334 0.2462962962962963 0.007291666666666667 0.014814814814814815
2 0.0921875 0.3055555555555556 0.009375 0.018518518518518517
2 0.10260416666666666 0.3435185185185185 0.009375 0.012962962962962963
2 0.10885416666666667 0.39166666666666666 0.011458333333333333 0.012962962962962963
2 0.11666666666666667 0.4388888888888889 0.00625 0.014814814814814815
2 0.11979166666666667 0.487962962962963 0.008333333333333333 0.012962962962962963
2 0.13177083333333334 0.5703703703703704 0.007291666666666667 0.014814814814814815
2 0.5963541666666666 0.2564814814814815 0.009375 0.012962962962962963
2 0.59375 0.2 0.008333333333333333 0.014814814814814815
2 0.5921875 0.13333333333333333 0.009375 0.018518518518518517
2 0.5869791666666667 0.07037037037037037 0.007291666666666667 0.014814814814814815
2 0.5838541666666667 0.023148148148148147 0.009375 0.020370370370370372
2 0.08697916666666666 0.6703703703703704 0.013541666666666667 0.014814814814814815
2 0.0625 0.6833333333333333 0.010416666666666666 0.011111111111111112
2 0.0375 0.6907407407407408 0.010416666666666666 0.018518518518518517
2 0.013020833333333334 0.7046296296296296 0.011458333333333333 0.009259259259259259
2 0.2359375 0.6074074074074074 0.007291666666666667 0.018518518518518517
2 0.3171875 0.5712962962962963 0.009375 0.012962962962962963
2 0.3463541666666667 0.5592592592592592 0.009375 0.018518518518518517
2 0.375 0.5472222222222223 0.008333333333333333 0.016666666666666666
2 0.40625 0.5314814814814814 0.00625 0.018518518518518517
2 0.4359375 0.5194444444444445 0.009375 0.016666666666666666
2 0.5942708333333333 0.4527777777777778 0.007291666666666667 0.020370370370370372
2 0.6625 0.42407407407407405 0.010416666666666666 0.022222222222222223
2 0.6989583333333333 0.4083333333333333 0.010416666666666666 0.016666666666666666
2 0.7354166666666667 0.3925925925925926 0.008333333333333333 0.018518518518518517
2 0.7723958333333333 0.3768518518518518 0.007291666666666667 0.016666666666666666
2 0.8489583333333334 0.3416666666666667 0.008333333333333333 0.016666666666666666
2 0.9505208333333334 0.3435185185185185 0.007291666666666667 0.012962962962962963
2 0.9270833333333334 0.30833333333333335 0.008333333333333333 0.020370370370370372
2 0.5473958333333333 0.5120370370370371 0.007291666666666667 0.012962962962962963
2 0.6515625 0.4675925925925926 0.007291666666666667 0.012962962962962963
2 0.6864583333333333 0.4527777777777778 0.008333333333333333 0.009259259259259259
2 0.7572916666666667 0.4222222222222222 0.00625 0.011111111111111112
2 0.7958333333333333 0.4064814814814815 0.008333333333333333 0.016666666666666666
2 0.8328125 0.38981481481481484 0.007291666666666667 0.012962962962962963
2 0.3385416666666667 0.5990740740740741 0.008333333333333333 0.012962962962962963
2 0.3697916666666667 0.587037037037037 0.008333333333333333 0.014814814814814815
2 0.1375 0.6518518518518519 0.00625 0.014814814814814815
2 0.16197916666666667 0.6407407407407407 0.007291666666666667 0.014814814814814815
2 0.20208333333333334 0.6583333333333333 0.00625 0.012962962962962963
2 0.18072916666666666 0.6666666666666666 0.005208333333333333 0.011111111111111112
2 0.084375 0.7046296296296296 0.00625 0.009259259259259259
2 0.035416666666666666 0.7296296296296296 0.008333333333333333 0.018518518518518517
2 0.010416666666666666 0.7407407407407407 0.008333333333333333 0.011111111111111112
2 0.059895833333333336 0.7166666666666667 0.005208333333333333 0.011111111111111112
2 0.3125 0.6092592592592593 0.008333333333333333 0.018518518518518517
2 0.25625 0.6324074074074074 0.008333333333333333 0.016666666666666666
2 0.26145833333333335 0.5981481481481481 0.008333333333333333 0.014814814814814815
2 0.23229166666666667 0.6444444444444445 0.00625 0.014814814814814815