1 0.48666750000000003 0.5034703947368421 0.05833249999999998 0.27229714912280706
4 0.53075 0.4473684210526316 0.0135 0.05263157894736842
4 0.53125 0.49396929824561403 0.0085 0.03837719298245614
2 0.588 0.837171052631579 0.007 0.020833333333333332
2 0.62325 0.8114035087719298 0.0025 0.008771929824561403
2 0.70775 0.7308114035087719 0.0035 0.01644736842105263
2 0.7245 0.7203947368421053 0.004 0.010964912280701754
0 0.8239075 0.6328837719298246 0.0028125 0.013020833333333334
4 0.8171875 0.5108936403508771 0.0125 0.06921600877192982
4 0.949375 0.13980263157894737 0.0975 0.043859649122807015
4 0.285625 0.7538377192982456 0.007917500000000018 0.09320175438596491