3 0.2791675 0.8589199561403509 0.04333249999999998 0.14620065789473688
3 0.38083249999999996 0.6862225877192983 0.04833249999999998 0.05299890350877197
3 0.4854175 0.4157510964912281 0.06916750000000002 0.04568530701754382
3 0.3604175 0.40021929824561403 0.1308325 0.10964912280701754
3 0.42416750000000003 0.2759484649122807 0.04666750000000002 0.03655153508771927
3 0.36166750000000003 0.2777796052631579 0.03 0.021929824561403508
3 0.2770825 0.2412280701754386 0.0425 0.05116776315789476
3 0.059582500000000004 0.43493969298245616 0.030832499999999995 0.036551535087719335
3 0.0216675 0.45778508771929827 0.0433325 0.09320175438596491
3 0.0379175 0.3618421052631579 0.0691675 0.08041118421052636
2 0.5246875 0.7572642543859649 0.006875 0.012335526315789474
2 0.5125 0.8353892543859649 0.00625 0.012335526315789474
2 0.5878125 0.38377192982456143 0.005625 0.010964912280701754
2 0.645 0.025356359649122806 0.01 0.009594298245614035
2 0.654375 0.11239035087719298 0.01125 0.013706140350877192
3 0.4834375 0.29125548245614036 0.019375 0.012335526315789474
4 0.60875 0.8723958333333334 0.0325 0.25356359649122806
3 0.6159375 0.5448190789473685 0.081875 0.35773026315789475