1 0.5983324999999999 0.41026864035087723 0.06333249999999999 0.18822916666666661
0 0.5641675 0.3033607456140351 0.01666750000000002 0.07309758771929821
1 0.6354175 0.1069078947368421 0.06916750000000002 0.06396381578947369
4 0.7516675 0.4047861842105263 0.056667500000000016 0.06396381578947373
0 0.475 0.9630866228070176 0.02 0.021929824561403508
1 0.48520749999999996 0.9714912280701754 0.04708249999999998 0.05701754385964912
0 0.45 0.9375 0.014167500000000019 0.021929824561403508
0 0.43375 0.9329331140350877 0.008332499999999982 0.01644736842105263
0 0.7979175000000001 0.8867872807017544 0.03083249999999998 0.053908991228070136
0 0.0314575 0.8822203947368421 0.00375 0.02832785087719302
4 0.1914575 0.4445339912280702 0.03208249999999998 0.02649671052631575
4 0.163125 0.38194627192982455 0.04875 0.10964912280701754
4 0.336875 0.050257675438596494 0.03791750000000002 0.09685855263157894
4 0.3475 0.06076206140350876 0.020832499999999983 0.05756578947368421