1 0.4565 0.4369517543859649 0.064 0.06907894736842106
1 0.5215 0.4067982456140351 0.061 0.08333333333333333
1 0.58375 0.3574561403508772 0.0545 0.08114035087719298
0 0.449 0.5674342105263158 0.011 0.01206140350877193
0 0.452 0.5526315789473685 0.042 0.02412280701754386
0 0.31225 0.5082236842105263 0.0185 0.01425438596491228
4 0.09825 0.15899122807017543 0.1005 0.08991228070175439
4 0.0665 0.14802631578947367 0.087 0.05921052631578947
4 0.12325 0.17214912280701755 0.0375 0.039473684210526314
1 0.93 0.1069078947368421 0.013 0.03399122807017544
4 0.74525 0.18914473684210525 0.0265 0.12828947368421054
4 0.67675 0.6918859649122807 0.0105 0.02850877192982456