0 0.02675 0.016721491228070175 0.0045 0.03344298245614035
0 0.0347925 0.044775219298245614 0.005417500000000004 0.03472039473684211
1 0.0372925 0.2987938596491228 0.01875 0.04020285087719294
0 0.0266675 0.2891995614035088 0.0058325000000000035 0.010049342105263119
3 0.14375 0.9251644736842105 0.02 0.022845394736842144
2 0.410625 0.8657730263157896 0.0045824999999999816 0.010049342105263119
4 0.4260425 0.8867872807017544 0.007917500000000018 0.02832785087719302
3 0.338125 0.8493256578947369 0.01125 0.08315241228070179
1 0.42125 0.7049506578947368 0.0325 0.0338103070175439
4 0.735 0.5829660087719298 0.02583249999999998 0.029237938596491188
4 0.710625 0.7232291666666667 0.009582499999999982 0.022845394736842144
4 0.5666675 0.32894736842105265 0.038332499999999985 0.03289473684210526
4 0.2266675 0.10873355263157895 0.0425 0.01644736842105263