3 0.05375 0.19188596491228072 0.1075 0.1206140350877193
3 0.00575 0.2571271929824561 0.0115 0.020833333333333332
3 0.077 0.31469298245614036 0.046 0.019736842105263157
3 0.048 0.3168859649122807 0.005 0.010964912280701754
3 0.1025 0.2730263157894737 0.021 0.02412280701754386
3 0.075 0.05756578947368421 0.056 0.06030701754385965
3 0.16825 0.0893640350877193 0.0275 0.027412280701754384
1 0.27375 0.4506578947368421 0.0185 0.13596491228070176
1 0.33275 0.5043859649122807 0.0275 0.08114035087719298
0 0.243595 0.3296326754385965 0.0146875 0.009594298245614035
0 0.1634375 0.32140899122807015 0.016875 0.005482456140350877
3 0.29859500000000005 0.15008223684210525 0.0721875 0.030153508771929825
1 0.27422 0.8340186403508771 0.0040625 0.01781798245614035
1 0.29875 0.8645120614035087 0.014375 0.04043311403508772
1 0.2629175 0.8753673245614035 0.01666750000000002 0.047516447368421096
4 0.4502075 0.7954111842105263 0.030417500000000017 0.046600877192982455
4 0.48270749999999996 0.6999287280701755 0.010417500000000019 0.02375548245614031
4 0.4675 0.6761677631578947 0.0125 0.025586622807017585
1 0.7071875 0.8158552631578947 0.03375 0.028097587719298246
3 0.6583925 0.9328015350877193 0.009642499999999927 0.010964912280701754
3 0.6596425 0.9159594298245615 0.011427500000000009 0.014879385964912211
0 0.6575 0.8952083333333333 0.008572499999999992 0.007834429824561383
3 0.45075 0.30153508771929827 0.0425 0.039473684210526314
3 0.40625 0.4095394736842105 0.0125 0.01864035087719298
3 0.448 0.15899122807017543 0.021 0.013157894736842105
3 0.421 0.15570175438596492 0.02 0.019736842105263157
3 0.69175 0.14912280701754385 0.0175 0.013157894736842105