3 0.179375 0.2727521929824561 0.05125 0.043859649122807015
3 0.0596875 0.6010142543859649 0.091875 0.19325657894736842
3 0.11125 0.7449287280701754 0.03875 0.03974780701754386
3 0.041875 0.8965570175438596 0.08375 0.04969298245614028
0 0.3953125 0.9467598684210526 0.038125 0.03700657894736842
0 0.22375 0.8919353070175439 0.03375 0.012335526315789474
3 0.3121875 0.2994791666666667 0.048125 0.05619517543859649
3 0.563125 0.4146107456140351 0.05 0.03974780701754386
3 0.509375 0.3988486842105263 0.055 0.024671052631578948
3 0.411875 0.39610745614035087 0.03375 0.043859649122807015
3 0.7134375 0.38377192982456143 0.068125 0.046600877192982455
3 0.7784375 0.38582785087719296 0.036875 0.026041666666666668
3 0.8215625 0.5427631578947368 0.036875 0.043859649122807015
3 0.815 0.48793859649122806 0.0175 0.01918859649122807
4 0.724375 0.6517269736842105 0.01 0.03974780701754386
3 0.6103125 0.9525767543859649 0.013125 0.030153508771929825
3 0.8778125 0.8264802631578947 0.129375 0.14528508771929824
3 0.7953125 0.7600054824561403 0.023125 0.0424890350877193
3 0.84875 0.5996436403508771 0.01125 0.015076754385964912
3 0.881875 0.44750548245614036 0.04125 0.05893640350877193