1 0.63625 0.5701754385964912 0.065 0.03837719298245614
1 0.614375 0.5879934210526315 0.07375 0.046600877192982455
1 0.570625 0.6400767543859649 0.02625 0.013706140350877192
1 0.66 0.6483004385964912 0.1425 0.04111842105263158
1 0.11791750000000001 0.15305372807017545 0.07583250000000001 0.09228618421052634
1 0.2325 0.2563048245614035 0.02 0.0356359649122807
1 0.170625 0.2275219298245614 0.00625 0.0356359649122807
3 0.4865625 0.05825109649122807 0.021875 0.01781798245614035
2 0.2178125 0.47286184210526316 0.005625 0.008223684210526315
2 0.2290625 0.4906798245614035 0.005625 0.005482456140350877
2 0.17875 0.5393366228070176 0.00375 0.009594298245614035
2 0.210625 0.5503015350877193 0.005 0.009594298245614035
2 0.174375 0.5174067982456141 0.005 0.009594298245614035
1 0.17770750000000002 0.19873903508771928 0.037082499999999984 0.04477521929824559
0 0.13729249999999998 0.5340844298245614 0.007082499999999982 0.015531798245613996
1 0.32479250000000004 0.9406962719298245 0.015417500000000018 0.006398026315789514
1 0.334375 0.9333881578947368 0.014582499999999983 0.010049342105263119
2 0.665625 0.6958168859649123 0.00375 0.006398026315789514
2 0.659375 0.6834813596491228 0.00375 0.007308114035087679
2 0.681875 0.7035800438596491 0.002082499999999982 0.007308114035087679
2 0.6897925 0.6985581140350877 0.002917500000000018 0.006398026315789514
2 0.75125 0.7754605263157895 0.0013900000000001001 0.006091008771929894
2 0.7441675 0.7733333333333333 0.002222500000000082 0.006699561403508662
2 0.7370825 0.7693695175438596 0.0025 0.007308114035087679
2 0.72514 0.8302850877192983 0.0030550000000000637 0.007308114035087679
2 0.7233324999999999 0.8129276315789473 0.002222500000000082 0.005482456140350877
2 0.739305 0.8351589912280701 0.0019449999999999364 0.00487390350877186
2 0.7484725 0.8211513157894736 0.0019449999999999364 0.006091008771929894
1 0.8005549999999999 0.633530701754386 0.0088900000000001 0.021929824561403508
1 0.8141675 0.6578947368421053 0.0111099999999999 0.021929824561403508
1 0.765555 0.6036787280701754 0.0138900000000001 0.015838815789473614
3 0.8718049999999999 0.37707236842105263 0.005832499999999982 0.004873903508771984
3 0.7743049999999999 0.3734155701754386 0.0069449999999999365 0.007308114035087679
2 0.79 0.6030701754385965 0.002222500000000082 0.003656798245614075
2 0.79125 0.5875383771929825 0.0025 0.004265350877193092
2 0.7425 0.6691666666666667 0.002222500000000082 0.006699561403508662
2 0.7320825 0.6673355263157895 0.0025 0.006699561403508662
2 0.7191675000000001 0.6682510964912282 0.002777499999999918 0.00487390350877186
2 0.7540275000000001 0.6694682017543859 0.0025 0.006091008771929894
3 0.84764 0.5135252192982456 0.004722500000000082 0.006091008771929769
3 0.8497224999999999 0.516875 0.0033324999999999817 0.004265350877192968
3 0.8881950000000001 0.3816392543859649 0.0075 0.006699561403508787
2 0.9459375 0.5779440789473684 0.001875 0.004566885964912241
2 0.9535425000000001 0.5891337719298245 0.00125 0.004111842105263158
2 0.960105 0.5779440789473684 0.0014574999999999818 0.003656798245614075
2 0.9575 0.5489309210526315 0.00125 0.0031962719298245217
2 0.941355 0.5496162280701754 0.001875 0.003656798245614075
1 0.9208324999999999 0.9272203947368421 0.019582499999999982 0.0644188596491228
3 0.95052 0.8849616228070176 0.005207499999999982 0.01188048245614039
2 0.9378125 0.9352138157894736 0.0014574999999999818 0.003656798245614075
2 0.943645 0.9560032894736842 0.001875 0.0022861842105263556
2 0.954375 0.9786184210526315 0.0016675000000000181 0.003656798245614075
3 0.8789575 0.3490515350877193 0.011667500000000018 0.004566885964912241
3 0.911875 0.34059758771929827 0.007082499999999982 0.009594298245614035
3 0.9089575 0.29399671052631576 0.005832499999999982 0.00593749999999996