1 0.515 0.6268256578947368 0.026667500000000018 0.06578947368421052
2 0.28625 0.5981359649122807 0.0045 0.01425438596491228
2 0.2565 0.6211622807017544 0.003 0.01425438596491228
2 0.32175 0.5773026315789473 0.0045 0.01206140350877193
2 0.3665 0.5652412280701754 0.005 0.01425438596491228
2 0.39775 0.6699561403508771 0.0055 0.010964912280701754
2 0.3665 0.7094298245614035 0.007 0.008771929824561403
2 0.311 0.7521929824561403 0.006 0.010964912280701754
2 0.348 0.7521929824561403 0.005 0.010964912280701754
2 0.53675 0.6332236842105263 0.0045 0.01206140350877193
1 0.52925 0.5783991228070176 0.0185 0.05592105263157895
2 0.28675 0.4506578947368421 0.0035 0.013157894736842105
2 0.32225 0.40899122807017546 0.0055 0.015350877192982455
2 0.25375 0.4824561403508772 0.0035 0.013157894736842105
2 0.32075 0.28344298245614036 0.0085 0.01864035087719298
2 0.29675 0.21546052631578946 0.0035 0.01644736842105263
2 0.4165 0.14089912280701755 0.009 0.01864035087719298
2 0.42 0.27028508771929827 0.007 0.020833333333333332
2 0.48275 0.16940789473684212 0.0065 0.01864035087719298
2 0.5555 0.017543859649122806 0.009 0.02631578947368421
4 0.77825 0.40405701754385964 0.0385 0.14583333333333334
1 0.94875 0.7478070175438597 0.1025 0.05921052631578947