4 0.3225 0.4701206140350877 0.08 0.049342105263157895
1 0.0821875 0.49136513157894735 0.048125 0.08634868421052631
1 0.2903125 0.756578947368421 0.019375 0.046600877192982455
1 0.246875 0.7188870614035088 0.0325 0.05071271929824561
1 0.5375 0.5523574561403509 0.0225 0.07675438596491228
1 0.750625 0.6859923245614035 0.1075 0.16584429824561403
1 0.53875 0.8120888157894737 0.07625 0.12746710526315788
1 0.41625 0.8436129385964912 0.04 0.04797149122807018
1 0.475 0.8744517543859649 0.0475 0.024671052631578948
1 0.628125 0.8031798245614035 0.08875 0.10416666666666667
4 0.4959375 0.8360745614035088 0.034375 0.01644736842105263
4 0.9096875 0.42009320175438597 0.014375 0.031524122807017545
3 0.9509375 0.38308662280701755 0.054375 0.08360745614035088
1 0.8096875 0.5331688596491229 0.038125 0.07401315789473684
1 0.835 0.5064418859649122 0.02 0.04797149122807018