4 0.52375 0.5986842105263158 0.0445 0.08552631578947369
4 0.53025 0.5800438596491229 0.0455 0.043859649122807015
0 0.58425 0.6041666666666666 0.0185 0.017543859649122806
2 0.53575 0.2730263157894737 0.0135 0.021929824561403508
0 0.38625 0.8327850877192983 0.0355 0.01425438596491228
2 0.3255 0.8009868421052632 0.008 0.009868421052631578
2 0.3215 0.680921052631579 0.007 0.008771929824561403
2 0.3225 0.7033991228070176 0.006 0.009868421052631578
2 0.2225 0.6578947368421053 0.008 0.010964912280701754
1 0.16775 0.6365131578947368 0.0105 0.01425438596491228
1 0.19425 0.6502192982456141 0.0085 0.015350877192982455
2 0.3175 0.5334429824561403 0.006 0.009868421052631578
1 0.57 0.6228070175438597 0.025 0.02412280701754386
4 0.68825 0.6546052631578947 0.0215 0.07236842105263158
4 0.481 0.5515350877192983 0.055 0.10964912280701754
4 0.459 0.5959429824561403 0.007 0.049342105263157895