1 0.66625 0.42306469298245614 0.0575 0.14802631578947367
1 0.575 0.11787280701754387 0.04166750000000002 0.10050986842105265
1 0.56125 0.030153508771929825 0.0425 0.06030701754385965
1 0.6541675 0.25603070175438597 0.06666750000000002 0.17580592105263163
1 0.645 0.815060307017544 0.028332499999999983 0.07675438596491228
1 0.6679175 0.6880482456140351 0.045832499999999984 0.12609649122807018
3 0.464 0.2669956140350877 0.024 0.0537280701754386
4 0.681 0.4923245614035088 0.01 0.041666666666666664
4 0.64425 0.37774122807017546 0.0065 0.020833333333333332
3 0.5075 0.4479166666666667 0.03 0.0537280701754386
3 0.60375 0.18914473684210525 0.0095 0.049342105263157895
0 0.59625 0.1112938596491228 0.0185 0.03179824561403509