1 0.5958325 0.36001644736842103 0.06 0.10234100877192986
1 0.6570825 0.4431633771929825 0.04916750000000002 0.08589364035087724
1 0.6066675 0.5482456140350878 0.09666750000000002 0.15350877192982457
1 0.5408324999999999 0.6716008771929824 0.065 0.09320175438596491
1 0.3891675 0.3399122807017544 0.055 0.0694462719298246
1 0.39625 0.5674342105263158 0.0925 0.08954495614035084
1 0.3225 0.1854879385964912 0.055 0.10416666666666667
4 0.1104175 0.13432017543859648 0.03083250000000001 0.05299890350877191
3 0.38625 0.25310855263157894 0.08916750000000002 0.07858004385964915
3 0.45541750000000003 0.2585910087719298 0.02416750000000002 0.027412280701754384
3 0.35708249999999997 0.2119901315789474 0.12916750000000002 0.040202850877193004
3 0.495 0.23940241228070178 0.135 0.03289473684210526
3 0.59875 0.2713815789473684 0.06583249999999999 0.049342105263157895
1 0.49666750000000004 0.4696655701754386 0.075 0.12427083333333337
1 0.038332500000000005 0.962171052631579 0.025 0.0712719298245614
1 0.07125 0.9668311403508771 0.0175 0.06633771929824561
1 0.22375 0.9027796052631579 0.03416750000000002 0.0913760964912281
1 0.41375 0.8159703947368421 0.0175 0.027412280701754384