3 0.491875 0.5256304824561403 0.02875 0.05619517543859649
2 0.2634375 0.5317982456140351 0.005625 0.010964912280701754
2 0.275625 0.5050712719298246 0.00375 0.012335526315789474
2 0.2896875 0.5187774122807017 0.005625 0.009594298245614035
2 0.3846875 0.3666392543859649 0.004375 0.009594298245614035
2 0.3703125 0.3529331140350877 0.005625 0.009594298245614035
2 0.3559375 0.34059758771929827 0.004375 0.009594298245614035
2 0.6071875 0.37417763157894735 0.004375 0.008223684210526315
2 0.65875 0.4694353070175439 0.005 0.009594298245614035
2 0.678125 0.4673793859649123 0.005 0.008223684210526315
2 0.6965625 0.46326754385964913 0.004375 0.010964912280701754
2 0.7171875 0.45778508771929827 0.005625 0.010964912280701754
2 0.6065625 0.3392269736842105 0.003125 0.009594298245614035
2 0.5996875 0.3262061403508772 0.004375 0.008223684210526315
2 0.605625 0.30564692982456143 0.00375 0.008223684210526315
2 0.5803125 0.28303179824561403 0.004375 0.006853070175438596
2 0.565 0.27891995614035087 0.00375 0.006853070175438596
2 0.5496875 0.2741228070175439 0.003125 0.008223684210526315
2 0.520625 0.2617872807017544 0.0025 0.008223684210526315