2 0.5351775 0.33756030701754386 0.006072499999999991 0.010964912280701754
2 0.40303500000000003 0.44799342105263157 0.005357499999999959 0.009396929824561459
2 0.7116075 0.19815241228070177 0.003927500000000009 0.010964912280701754
2 0.7096425000000001 0.31171600877192984 0.005714999999999918 0.010964912280701754
2 0.6885725 0.28743969298245614 0.005 0.009396929824561459
4 0.46 0.4543585526315789 0.03875 0.031524122807017545
3 0.518125 0.3769188596491228 0.02625 0.03289473684210526
3 0.57125 0.38582785087719296 0.00875 0.012335526315789474
3 0.3966675 0.5153508771929824 0.013332499999999982 0.020104166666666708
3 0.3679175 0.5427631578947368 0.011667500000000018 0.014621710526315829
3 0.66375 0.2850877192982456 0.02416750000000002 0.04020285087719294
3 0.6835425 0.2649835526315789 0.00625 0.01644736842105263
0 0.7322925 0.3298629385964912 0.012082499999999982 0.051167763157894695