3 0.7225 0.5989583333333334 0.02375 0.046600877192982455
3 0.5815625 0.6743421052631579 0.013125 0.01918859649122807
3 0.6809375 0.6626918859649122 0.023125 0.023300438596491228
3 0.334375 0.6811951754385965 0.025 0.027412280701754384
3 0.269375 0.7428728070175439 0.03375 0.043859649122807015
3 0.270625 0.7010690789473685 0.01875 0.023300438596491228
3 0.288125 0.6921600877192983 0.0125 0.010964912280701754
2 0.36875 0.6332236842105263 0.01125 0.01644736842105263
2 0.37125 0.6811951754385965 0.00875 0.01644736842105263
3 0.5975 0.4290021929824561 0.04 0.027412280701754384
3 0.07875 0.3536184210526316 0.02 0.027412280701754384
3 0.114375 0.6112938596491229 0.01 0.03837719298245614
3 0.0715625 0.5091831140350878 0.019375 0.012335526315789474
3 0.916875 0.6606359649122807 0.0325 0.06030701754385965
2 0.7671875 0.08977521929824561 0.013125 0.028782894736842105