2 0.46625 0.4764254385964912 0.0045 0.01425438596491228
2 0.47675 0.23026315789473684 0.0045 0.013157894736842105
2 0.46025 0.7341008771929824 0.0045 0.01644736842105263
1 0.17975 0.8267543859649122 0.0275 0.07236842105263158
0 0.35475 0.887609649122807 0.0405 0.06030701754385965
2 0.27025 0.8075657894736842 0.0045 0.009868421052631578
1 0.3989275 0.8337225877192983 0.009284999999999969 0.024281798245614016
1 0.435 0.8638760964912281 0.01214250000000004 0.010964912280701754
2 0.4839275 0.8799342105263158 0.002857499999999959 0.005482456140350877
1 0.6260725 0.8634868421052632 0.008572499999999992 0.028980263157894808
1 0.6573225 0.8442982456140351 0.0075 0.021929824561403508
4 0.5814275 0.11121710526315791 0.022857500000000072 0.015663377192982452
0 0.10107250000000001 0.7749835526315789 0.005715000000000003 0.024281798245614016