1 0.478125 0.5167214912280702 0.02625 0.10416666666666667
1 0.4778125 0.7094791666666667 0.025625 0.26216008771929816
0 0.4875 0.8878453947368421 0.00875 0.061677631578947366
2 0.5496875 0.5678070175438596 0.009375 0.0356359649122807
1 0.5109375 0.8679714912280702 0.010625 0.08223684210526316
1 0.551875 0.12541118421052633 0.015 0.07264254385964912
3 0.514375 0.1953125 0.01 0.08360745614035088
3 0.5146875 0.11513157894736842 0.010625 0.06304824561403509
3 0.5628125 0.3433388157894737 0.020625 0.11924342105263158
1 0.7584375 0.5023300438596491 0.016875 0.05893640350877193
4 0.631875 0.2652138157894737 0.06375 0.05619517543859649
1 0.419375 0.40158991228070173 0.08875 0.3262061403508772
1 0.4225 0.8196271929824561 0.0375 0.08771929824561403
1 0.5025 0.34539473684210525 0.0375 0.16447368421052633