2 0.6585925 0.5013048245614035 0.0040625 0.010279605263157895
2 0.6653125 0.6448739035087719 0.005 0.010964912280701754
2 0.6896875 0.6719462719298246 0.00375 0.010279605263157895
2 0.7385925 0.5602412280701755 0.0034375 0.008908991228070175
2 0.7701549999999999 0.7178618421052633 0.0021875 0.007538377192982456
1 0.5839075 0.9025493421052632 0.0265625 0.031524122807017545
1 0.2095325 0.9731359649122807 0.0703125 0.052083333333333336
3 0.16208250000000002 0.26864035087719296 0.009167500000000018 0.036551535087719335
3 0.27645749999999997 0.37052083333333335 0.01125 0.059391447368421016
1 0.41458249999999996 0.8817598684210526 0.045832499999999984 0.042033991228070215
1 0.44583249999999996 0.7172861842105263 0.031667500000000015 0.07858004385964908