3 0.05375 0.15145285087719298 0.03 0.034265350877192985
3 0.2015625 0.3371710526315789 0.021875 0.03289473684210526
1 0.24125 0.30633223684210525 0.055 0.061677631578947366
1 0.029375 0.4454495614035088 0.05375 0.046600877192982455
3 0.5896875 0.7675438596491229 0.040625 0.027412280701754384
2 0.1203125 0.8956962719298246 0.006875 0.02055921052631579
2 0.06125 0.9566885964912281 0.0075 0.01918859649122807
2 0.1465625 0.9402412280701754 0.008125 0.01644736842105263
1 0.160625 0.4838267543859649 0.16625 0.052083333333333336
4 0.313125 0.05756578947368421 0.035 0.0712719298245614
4 0.3196875 0.05688048245614035 0.024375 0.04797149122807018