2 0.40041750000000004 0.6930756578947369 0.008332499999999982 0.015531798245613996
2 0.3875 0.6624616228070175 0.010832499999999981 0.01644736842105263
2 0.3522925 0.5994133771929824 0.01125 0.014621710526315829
2 0.3860425 0.5043859649122807 0.012082499999999982 0.014621710526315829
2 0.4108325 0.7104331140350877 0.0075 0.008223684210526315
2 0.220625 0.6304824561403509 0.009582499999999982 0.012790570175438557
3 0.22458250000000002 0.48519736842105265 0.02916750000000002 0.043859649122807015
3 0.37020749999999997 0.5482456140350878 0.02708249999999998 0.027412280701754384
3 0.44583249999999996 0.4459046052631579 0.01666750000000002 0.025586622807017585
0 0.25479250000000003 0.5199177631578947 0.009582499999999982 0.012790570175438557
3 0.3564575 0.2197532894736842 0.010417500000000019 0.01918859649122807
3 0.34875 0.17315241228070175 0.0175 0.05756578947368421
3 0.3958325 0.11832785087719298 0.010832499999999981 0.017362938596491236
3 0.2433325 0.6419024122807017 0.01833249999999998 0.015531798245613996
3 0.39 0.7424177631578948 0.005 0.02649671052631575
2 0.3516675 0.6428179824561403 0.01 0.006398026315789514
2 0.3120825 0.625 0.010832499999999981 0.009139254385964952
3 0.4597925 0.47651864035087715 0.01375 0.01918859649122807
1 0.7975 0.3266611842105263 0.02 0.044775219298245655
3 0.678125 0.14894188596491229 0.007917500000000018 0.01644736842105263
1 0.70375 0.15579495614035088 0.04083249999999998 0.08132127192982458
1 0.6559375 0.5756578947368421 0.058125 0.09046052631578948