1 0.644375 0.4810855263157895 0.04625 0.046600877192982455
1 0.64875 0.5692598684210526 0.0375 0.07492872807017548
2 0.61775 0.8119517543859649 0.0075 0.01425438596491228
3 0.5075 0.7543859649122807 0.015 0.15789473684210525
3 0.589 0.7993421052631579 0.051 0.17982456140350878
3 0.6215 0.9259868421052632 0.011 0.029605263157894735
3 0.58975 0.924890350877193 0.0135 0.047149122807017545
4 0.6445 0.8618421052631579 0.012 0.05921052631578947
1 0.097 0.48135964912280704 0.057 0.25
1 0.15275 0.5148026315789473 0.0345 0.13048245614035087
4 0.92725 0.17160087719298245 0.0395 0.0625
1 0.95475 0.09923245614035088 0.0485 0.11951754385964912
4 0.7309375 0.707922149122807 0.040625 0.06716008771929824
4 0.749375 0.6996984649122807 0.03 0.05345394736842105