0 0.04025 0.2138157894736842 0.0175 0.02412280701754386
2 0.39925 0.31798245614035087 0.0045 0.008771929824561403
2 0.335 0.45230263157894735 0.005 0.009868421052631578
2 0.3995 0.4155701754385965 0.005 0.008771929824561403
2 0.5085 0.26096491228070173 0.004 0.010964912280701754
2 0.46125 0.3519736842105263 0.0035 0.008771929824561403
2 0.2115 0.49725877192982454 0.006 0.007675438596491228
2 0.31475 0.5268640350877193 0.0035 0.007675438596491228
1 0.29675 0.4298245614035088 0.0755 0.10964912280701754
2 0.2315 0.5756578947368421 0.005 0.006578947368421052
3 0.4995 0.49396929824561403 0.01 0.023026315789473683
2 0.24535749999999998 0.6786513157894736 0.004285000000000025 0.005482456140350877
2 0.3383925 0.7663706140350877 0.003927500000000009 0.005482456140350877
2 0.23375 0.9069572368421053 0.0025 0.006266447368420963
2 0.5078575 0.9081304824561404 0.002857499999999959 0.005482456140350877
2 0.510555 0.8397313596491228 0.002222499999999968 0.004265350877193092
2 0.5197225 0.8318092105263158 0.002777499999999918 0.004265350877193092
2 0.43833249999999996 0.8759758771929824 0.0027775000000000317 0.006091008771929894
2 0.411945 0.7983059210526315 0.002222499999999968 0.004265350877193092
1 0.6004175 0.8659210526315789 0.0563900000000001 0.039594298245613925
2 0.6643049999999999 0.9533388157894738 0.0025 0.00487390350877186
2 0.7365275 0.9195285087719298 0.0052774999999999185 0.007916666666666697
2 0.7329175 0.8366831140350877 0.0052774999999999185 0.009139254385964952
2 0.7372225 0.957297149122807 0.002222500000000082 0.004265350877193092
1 0.6225 0.6627686403508772 0.0161099999999999 0.08162828947368414
1 0.7302775 0.7736348684210526 0.012777499999999917 0.007308114035087679
2 0.7565 0.7859100877192983 0.0025 0.003837719298245614
2 0.773125 0.7801535087719298 0.00225 0.003289473684210526
2 0.80525 0.7672697368421053 0.003 0.003837719298245614
2 0.821375 0.7617872807017544 0.00275 0.003837719298245614
2 0.854375 0.7502741228070176 0.00225 0.003837719298245614
2 0.871125 0.743421052631579 0.00225 0.0043859649122807015
2 0.7405 0.7475328947368421 0.002 0.003837719298245614
2 0.990875 0.6981907894736842 0.00175 0.003837719298245614
2 0.95575 0.7108004385964912 0.002 0.003837719298245614
2 0.92225 0.7234100877192983 0.002 0.003837719298245614
2 0.90375 0.7305372807017544 0.002 0.003837719298245614
1 0.64275 0.8207236842105263 0.0525 0.0625
1 0.98875 0.8700657894736842 0.0225 0.03837719298245614
1 0.4725 0.6957236842105263 0.015 0.027412280701754384
0 0.2165 0.8393640350877193 0.012 0.03618421052631579