2 0.102 0.3262061403508772 0.006 0.01206140350877193
2 0.2425 0.8092105263157895 0.005 0.008771929824561403
1 0.4385 0.6321271929824561 0.031 0.0581140350877193
2 0.93 0.21680372807017542 0.004089999999999918 0.003985745614035078
2 0.9406825 0.20983004385964912 0.004089999999999918 0.003985745614035078
2 0.9476125 0.22802083333333334 0.003410000000000082 0.0034868421052631654
2 0.9564775 0.22228618421052632 0.003410000000000082 0.003985745614035078
2 0.9481825 0.20459429824561404 0.0031824999999998907 0.0034868421052631654
0 0.9523875 0.1814199561403509 0.007954999999999927 0.004983552631578965
1 0.4375 0.5855263157894737 0.03 0.02631578947368421
1 0.55475 0.5696271929824561 0.0305 0.01644736842105263
1 0.33725 0.6052631578947368 0.0205 0.019736842105263157
1 0.398 0.5986842105263158 0.02 0.039473684210526314