3 0.50975 0.5685307017543859 0.0055 0.04057017543859649
3 0.511 0.6507675438596491 0.006 0.11293859649122807
3 0.5235 0.48026315789473684 0.026 0.05482456140350877
3 0.17785749999999997 0.14175986842105262 0.010714999999999975 0.009396929824561397
3 0.125535 0.11239035087719298 0.015357500000000015 0.019577850877192972
3 0.1398225 0.11630482456140351 0.006785000000000025 0.008612938596491216
3 0.204285 0.1648629385964912 0.004285000000000025 0.019577850877193003
3 0.2878575 0.1977576754385965 0.032857499999999956 0.02114583333333336
3 0.3298225 0.22203947368421054 0.02035749999999996 0.008612938596491248
3 0.35303500000000004 0.2326151315789474 0.01392750000000001 0.006266447368421025
3 0.3123225 0.218125 0.006784999999999968 0.010180921052631606
3 0.38375 0.058739035087719306 0.010357499999999959 0.07205592105263159
3 0.4001775 0.18953399122807016 0.008215000000000031 0.04542763157894738
3 0.39535750000000003 0.1425438596491228 0.006427500000000009 0.021929824561403508
3 0.45732249999999997 0.6328344298245614 0.011784999999999967 0.05952302631578956