3 0.07 0.3871984649122807 0.04875 0.03700657894736842
3 0.111875 0.34059758771929827 0.0375 0.023300438596491228
3 0.1503125 0.4009046052631579 0.035625 0.02055921052631579
3 0.040625 0.3241502192982456 0.0725 0.07538377192982457
3 0.0796875 0.34059758771929827 0.014375 0.01781798245614035
3 0.1371875 0.26384320175438597 0.193125 0.1356907894736842
3 0.1915625 0.35567434210526316 0.015625 0.023300438596491228
3 0.2925 0.1377467105263158 0.02875 0.026041666666666668
3 0.475 0.2115296052631579 0.026667500000000018 0.01918859649122807
3 0.4254175 0.1982839912280702 0.08666750000000002 0.04203399122807015
3 0.36375 0.15350877192982457 0.03583249999999998 0.021929824561403508
3 0.5125 0.42534539473684213 0.05416750000000002 0.0648739035087719
3 0.47708249999999996 0.3897094298245614 0.01 0.015531798245613996
3 0.47104250000000003 0.428547149122807 0.009582499999999982 0.014621710526315829
0 0.26625 0.43585526315789475 0.005625 0.013706140350877192
0 0.2190625 0.41221491228070173 0.011875 0.007538377192982456
3 0.33625 0.587171052631579 0.0185 0.01864035087719298
3 0.514 0.6381578947368421 0.054 0.03508771929824561
3 0.444 0.6151315789473685 0.023 0.02850877192982456
3 0.66125 0.19517543859649122 0.0335 0.019736842105263157
3 0.608 0.1924342105263158 0.057 0.027412280701754384
3 0.638 0.26480263157894735 0.018 0.01425438596491228
3 0.611 0.2955043859649123 0.015 0.025219298245614034
3 0.95925 0.37225877192982454 0.0125 0.009868421052631578