1 0.37375 0.8004385964912281 0.0775 0.051167763157894695
1 0.49166750000000004 0.7748519736842104 0.145 0.0694462719298246
1 0.5404175 0.8561787280701755 0.0325 0.03472039473684207
4 0.18958250000000001 0.3389967105263158 0.07416750000000003 0.06761513157894733
2 0.53625 0.35818530701754386 0.009167500000000018 0.010964912280701754
2 0.5520825 0.46235197368421055 0.0075 0.010964912280701754
2 0.5433325 0.272297149122807 0.008332499999999982 0.010964912280701754
4 0.6395824999999999 0.5180921052631579 0.03083249999999998 0.049342105263157895
1 0.5854175 0.5701754385964912 0.05583249999999998 0.12427083333333337
3 0.00925 0.08552631578947369 0.0185 0.010964912280701754
1 0.43025 0.7308114035087719 0.0395 0.03399122807017544