4 0.15899122807017543 0.1015 0.019736842105263157 0.045
4 0.027960526315789474 0.0785 0.029605263157894735 0.066
2 0.024671052631578948 0.2575 0.01864035087719298 0.008
0 0.7346491228070176 0.234 0.03728070175438596 0.013
0 0.850328947368421 0.22775 0.020833333333333332 0.0405
3 0.6935307017543859 0.1005 0.03618421052631579 0.031
2 0.6891447368421053 0.24175 0.01206140350877193 0.0075
2 0.6343201754385965 0.26075 0.01644736842105263 0.0075
2 0.5718201754385965 0.278 0.01864035087719298 0.007
3 0.5597587719298246 0.13475 0.01206140350877193 0.0075
3 0.7582236842105263 0.22 0.01425438596491228 0.01
2 0.45394736842105265 0.31075 0.017543859649122806 0.0095
2 0.09320175438596491 0.33425 0.02631578947368421 0.0085
2 0.0581140350877193 0.31375 0.013157894736842105 0.0045
2 0.015350877192982455 0.29325 0.015350877192982455 0.0065
2 0.13541666666666666 0.3535 0.01206140350877193 0.007
2 0.17324561403508773 0.372 0.013157894736842105 0.005
2 0.22094298245614036 0.36175 0.01864035087719298 0.0055
2 0.2362938596491228 0.40475 0.027412280701754384 0.0065
2 0.20888157894736842 0.3895 0.01206140350877193 0.004
0 0.6869517543859649 0.37025 0.051535087719298246 0.0175
2 0.8338815789473685 0.32775 0.01864035087719298 0.0065
2 0.625 0.385 0.015350877192982455 0.007
2 0.5718201754385965 0.39725 0.01644736842105263 0.0065
2 0.5197368421052632 0.40875 0.021929824561403508 0.0065
2 0.4205043859649123 0.428 0.01864035087719298 0.006
2 0.37225877192982454 0.43675 0.01425438596491228 0.0045
0 0.3519736842105263 0.41475 0.017543859649122806 0.0125
2 0.2746710526315789 0.42025 0.01644736842105263 0.0055
2 0.8333333333333334 0.4315 0.015350877192982455 0.006
2 0.8843201754385965 0.41975 0.01644736842105263 0.0065
2 0.9325657894736842 0.4065 0.01425438596491228 0.006
2 0.7275219298245614 0.3575 0.01425438596491228 0.006
3 0.39418859649122806 0.326 0.020833333333333332 0.01
3 0.3371710526315789 0.33775 0.025219298245614034 0.0075
3 0.5235745614035088 0.3485 0.01864035087719298 0.008
3 0.35910087719298245 0.39625 0.03618421052631579 0.0065
3 0.4067982456140351 0.39975 0.019736842105263157 0.0105
1 0.9660087719298246 0.41825 0.02412280701754386 0.0205
4 0.021929824561403508 0.29375 0.015350877192982455 0.0295
4 0.03728070175438596 0.30225 0.013157894736842105 0.0195
4 0.39528508771929827 0.4475 0.01206140350877193 0.016
4 0.29002192982456143 0.393 0.01206140350877193 0.019
4 0.29605263157894735 0.4165 0.02631578947368421 0.014
4 0.3130482456140351 0.39025 0.007675438596491228 0.0205