0 0.49546749999999995 0.5578399122807017 0.0165625 0.02055921052631579
0 0.510625 0.5283717105263158 0.02625 0.0424890350877193
0 0.421405 0.42112390350877194 0.0153125 0.014391447368421052
2 0.399375 0.42283442982456143 0.01 0.01918859649122807
1 0.41171749999999996 0.5355701754385965 0.0146875 0.01850328947368421
1 0.1196425 0.4812828947368421 0.017142500000000012 0.05404057017543856
1 0.09375 0.7495285087719299 0.05535750000000002 0.02506030701754388
2 0.2275 0.6997971491228071 0.002857500000000016 0.007050438596491298
2 0.2423225 0.7679331140350878 0.0025 0.007050438596491298
2 0.22482249999999998 0.7342598684210526 0.003927500000000009 0.005482456140350877
2 0.2371425 0.7675438596491229 0.002857500000000016 0.006266447368420963
2 0.1576775 0.6073793859649123 0.003214999999999975 0.008612938596491248
2 0.18017750000000002 0.6285252192982457 0.003214999999999975 0.007050438596491298
2 0.19125 0.6390953947368421 0.003927500000000009 0.004698464912280791
2 0.51875 0.9711787280701755 0.0025 0.006266447368420963
2 0.5298225 0.9641282894736842 0.003927500000000009 0.006266447368420963
2 0.5341075 0.9911513157894736 0.003927500000000009 0.007050438596491298
2 0.496965 0.9794024122807018 0.0032150000000000316 0.007050438596491298
1 0.7783925 0.6641611842105264 0.03678500000000008 0.056392543859649195
1 0.818035 0.6841337719298245 0.02607249999999999 0.03837719298245614
1 0.848035 0.7091940789473684 0.029642499999999926 0.044643640350877103
1 0.730715 0.6528015350877193 0.02142750000000001 0.025844298245613965
0 0.7253575 0.6649451754385964 0.014285000000000082 0.010964912280701754
1 0.5876775 0.3418695175438597 0.053214999999999915 0.08066885964912286
1 0.636965 0.336781798245614 0.048927500000000006 0.08771929824561403
1 0.686965 0.31524122807017546 0.044642499999999925 0.09007127192982455
4 0.61475 0.05482456140350877 0.0675 0.08552631578947369
4 0.42 0.18914473684210525 0.075 0.01864035087719298
4 0.399 0.23519736842105263 0.049 0.01864035087719298
4 0.39075 0.25603070175438597 0.0215 0.044956140350877194
2 0.504285 0.27333881578947367 0.007142500000000041 0.014095394736842124
2 0.6085725 0.27020833333333333 0.007857500000000073 0.015663377192982483