1 0.20875 0.7620614035087719 0.095 0.14802631578947367
1 0.2225 0.8415570175438597 0.045 0.06578947368421052
1 0.32625 0.8264802631578947 0.065 0.09046052631578948
4 0.27875 0.19554276315789473 0.025 0.05116776315789476
3 0.705 0.1388870614035088 0.009167500000000018 0.009139254385964921
3 0.7258325 0.13066337719298246 0.011667500000000018 0.010964912280701754
3 0.5833325 0.1923410087719298 0.01666750000000002 0.013706140350877192
3 0.6029175 0.1836622807017544 0.014167500000000019 0.010964912280701754
3 0.8729175 0.06853070175438597 0.010832499999999981 0.012790570175438588
3 0.849375 0.078125 0.009582499999999982 0.01188048245614036
4 0.73 0.06213267543859649 0.005832499999999982 0.02010416666666666
2 0.9120825 0.7383059210526316 0.005 0.009139254385964952
2 0.91375 0.7236842105263158 0.005 0.010964912280701754
3 0.8077075 0.8927247807017543 0.10541750000000003 0.018273026315789434
3 0.7358325 0.8529769736842104 0.014167500000000019 0.0849780701754386