2 0.40958249999999996 0.01462171052631579 0.015832499999999982 0.029237938596491226
2 0.4558325 0.14802631578947367 0.015 0.03655153508771927
2 0.5020825 0.2987938596491228 0.0125 0.027412280701754384
2 0.5325 0.4139254385964912 0.011667500000000018 0.027412280701754384
2 0.53875 0.5235745614035088 0.010832499999999981 0.027412280701754384
2 0.5016675 0.6122094298245614 0.01 0.025586622807017585
2 0.47125 0.6277412280701754 0.0125 0.027412280701754384
2 0.4191675 0.7273410087719299 0.013332499999999982 0.021929824561403508
2 0.4041675 0.8022642543859648 0.011667500000000018 0.025586622807017585
2 0.36375 0.8205427631578948 0.0125 0.025586622807017585
2 0.3525 0.8863322368421053 0.013332499999999982 0.021929824561403508
2 0.3095825 0.9046052631578947 0.010832499999999981 0.021929824561403508
2 0.3 0.9612554824561403 0.01 0.018273026315789434
2 0.57125 0.5875383771929825 0.010832499999999981 0.02375548245614031
2 0.5254175 0.825109649122807 0.010832499999999981 0.020104166666666708
2 0.5633325 0.7465296052631579 0.008332499999999982 0.020104166666666708
2 0.565 0.7867324561403509 0.006667500000000018 0.020104166666666708
2 0.5808325 0.7520120614035088 0.008332499999999982 0.020104166666666708
2 0.45541750000000003 0.7099780701754386 0.0125 0.03106907894736846
2 0.62375 0.7419572368421052 0.009167500000000018 0.021929824561403508
2 0.6483325 0.8397313596491228 0.008332499999999982 0.020104166666666708
2 0.64 0.7876480263157896 0.008332499999999982 0.018273026315789434
2 0.2545825 0.9786184210526315 0.0125 0.020104166666666708
2 0.0633325 0.9009484649122806 0.013332499999999995 0.018273026315789434
2 0.13458250000000002 0.9512061403508771 0.0125 0.020104166666666708
2 0.19125 0.9548629385964913 0.0125 0.020104166666666708
2 0.195 0.993421052631579 0.011667500000000018 0.013157894736842105
2 0.7154175 0.9941502192982455 0.005832499999999982 0.010964912280701754
2 0.7058325 0.9731359649122807 0.006667500000000018 0.012790570175438557
2 0.6966675 0.9502905701754386 0.006667500000000018 0.014621710526315829
2 0.6870824999999999 0.9237938596491229 0.0075 0.01644736842105263
2 0.6783325 0.8963815789473685 0.008332499999999982 0.01644736842105263
2 0.6675 0.8634868421052632 0.008332499999999982 0.01644736842105263
4 0.5716675 0.1653892543859649 0.006667500000000018 0.14071820175438593
1 0.88225 0.6167763157894737 0.0365 0.08662280701754387
4 0.966 0.20010964912280702 0.015 0.13706140350877194