2 0.6184375 0.5550986842105263 0.006875 0.01644736842105263
2 0.7165625 0.6777686403508771 0.006875 0.012335526315789474
2 0.72125 0.8765076754385965 0.005 0.012335526315789474
0 0.155535 0.7980866228070176 0.009642499999999984 0.0266282894736843
2 0.455 0.3203344298245614 0.006427500000000009 0.01723135964912284
2 0.901785 0.512998903508772 0.005714999999999918 0.01253289473684205
2 0.8989275 0.4350712719298246 0.005714999999999918 0.011748903508771965
2 0.9030349999999999 0.33364583333333336 0.003927500000000009 0.009396929824561459
2 0.910715 0.2627686403508772 0.003572499999999991 0.007050438596491236
2 0.9073225 0.5678234649122808 0.005357500000000073 0.007834429824561383
2 0.8758925000000001 0.5008607456140352 0.003214999999999918 0.01331688596491226
4 0.9407150000000001 0.21773026315789473 0.010714999999999917 0.07675438596491228
4 0.9539275 0.21185855263157896 0.022142499999999926 0.011748903508771903
1 0.9541075 0.7518804824561404 0.01392750000000001 0.04072916666666665
1 0.95 0.9624835526315789 0.01 0.07503289473684217
4 0.702 0.45614035087719296 0.009 0.008771929824561403
1 0.305 0.24671052631578946 0.027 0.03289473684210526