2 0.14625 0.4791666666666667 0.0045 0.006578947368421052
2 0.1775 0.4786184210526316 0.004 0.005482456140350877
2 0.1615 0.44024122807017546 0.005 0.007675438596491228
2 0.26475 0.4418859649122807 0.0035 0.006578947368421052
2 0.2525 0.4780701754385965 0.003 0.006578947368421052
2 0.29 0.37390350877192985 0.003 0.006578947368421052
2 0.281 0.3086622807017544 0.004 0.005482456140350877
2 0.351 0.4780701754385965 0.004 0.006578947368421052
2 0.0965 0.5230263157894737 0.005 0.006578947368421052
2 0.099 0.569078947368421 0.005 0.008771929824561403
2 0.1015 0.618421052631579 0.005 0.006578947368421052
2 0.10425 0.6683114035087719 0.0045 0.007675438596491228
2 0.1065 0.7182017543859649 0.004 0.010964912280701754
2 0.1085 0.7735745614035088 0.005 0.009868421052631578
2 0.40964249999999996 0.4440789473684211 0.002857499999999959 0.0062664473684210876
2 0.479285 0.4456469298245614 0.003572499999999991 0.0062664473684210876
2 0.500715 0.4460361842105263 0.002857499999999959 0.005482456140350877
2 0.5525 0.4456469298245614 0.0028575000000000727 0.0062664473684210876
2 0.5821425 0.44643092105263155 0.0021424999999999274 0.0062664473684210876
2 0.6016075 0.44799342105263157 0.0025 0.0062664473684210876
2 0.5885724999999999 0.47736293859649126 0.0021424999999999274 0.005482456140350877
2 0.5591075 0.4765844298245614 0.0025 0.005482456140350877
2 0.5385725 0.4769736842105263 0.0021424999999999274 0.004698464912280667
2 0.46125 0.4765844298245614 0.0025 0.005482456140350877
2 0.4841075 0.47736293859649126 0.0025 0.005482456140350877
2 0.5060725 0.4777576754385965 0.002142500000000041 0.0062664473684210876
2 0.618035 0.47618969298245617 0.0025 0.004698464912280667
2 0.531785 0.3857291666666667 0.0021424999999999274 0.005482456140350877
2 0.6296425 0.4468201754385965 0.0021424999999999274 0.005482456140350877
2 0.6546425 0.4765844298245614 0.0021424999999999274 0.003914473684210581
2 0.674465 0.44838815789473685 0.0025 0.005482456140350877
2 0.6916074999999999 0.4487774122807018 0.0025 0.004698464912280667
2 0.7091075 0.4487774122807018 0.0025 0.004698464912280667
2 0.7405349999999999 0.4765844298245614 0.0017850000000000819 0.005482456140350877
2 0.7566075 0.47736293859649126 0.0025 0.005482456140350877
2 0.6910725 0.36693530701754384 0.0028575000000000727 0.003914473684210581
2 0.705 0.40961622807017545 0.0021424999999999274 0.004698464912280667
2 0.6510724999999999 0.3093695175438596 0.0028575000000000727 0.004698464912280667
2 0.6735725 0.3093695175438596 0.0021424999999999274 0.004698464912280667
2 0.6958925 0.30975877192982454 0.0025 0.005482456140350877
2 0.716785 0.30897478070175444 0.0021424999999999274 0.003914473684210581
2 0.6491075 0.38494517543859647 0.0017850000000000819 0.003914473684210581
2 0.655715 0.39708881578947364 0.0021424999999999274 0.004698464912280667
2 0.64875 0.37515899122807017 0.0025 0.004698464912280667
2 0.6416075 0.3520504385964912 0.0025 0.003914473684210581
2 0.6358925000000001 0.34148026315789476 0.0017850000000000819 0.004698464912280667
2 0.6351775000000001 0.32894736842105265 0.0025 0.0062664473684210876
2 0.6210725 0.28351973684210524 0.0021424999999999274 0.004698464912280667
2 0.6133925 0.26002741228070175 0.0025 0.006266447368421025
2 0.614465 0.2713815789473684 0.0025 0.005482456140350877
2 0.6066075 0.23809758771929826 0.0017850000000000819 0.006266447368421025
2 0.600715 0.2286951754385965 0.0028575000000000727 0.006266447368421025
2 0.6001775 0.21694627192982455 0.0025 0.0046984649122807295
2 0.6926775000000001 0.5349287280701754 0.0017850000000000819 0.0062664473684210876
2 0.7014275 0.5662609649122806 0.0028575000000000727 0.006266447368420963
2 0.651785 0.19031798245614034 0.0021424999999999274 0.0046984649122807295
2 0.6085725 0.18209429824561402 0.0021424999999999274 0.005482456140350877
2 0.580535 0.1550767543859649 0.0025 0.0046984649122807295
2 0.575 0.14450109649122805 0.0028575000000000727 0.005482456140350877
2 0.5626775 0.1069078947368421 0.0017850000000000819 0.005482456140350877
2 0.5510725 0.06970394736842105 0.0028575000000000727 0.006266447368421056
2 0.560535 0.0634375 0.0025 0.003130482456140355
2 0.5714275 0.06578947368421052 0.001427500000000009 0.004698464912280698
2 0.5503574999999999 0.06109100877192983 0.0021424999999999274 0.004698464912280698
2 0.5823225 0.06931469298245614 0.0017850000000000819 0.003914473684210519
2 0.5923225 0.07205592105263159 0.0017850000000000819 0.004698464912280698
2 0.6125 0.0771436403508772 0.0021424999999999274 0.005482456140350877
2 0.6226775 0.08066885964912279 0.0017850000000000819 0.0031304824561403394
2 0.6344650000000001 0.14137061403508772 0.0025 0.005482456140350877
2 0.6278575 0.12296600877192981 0.001427500000000009 0.004698464912280698
2 0.640715 0.18875548245614035 0.0021424999999999274 0.0046984649122807295
2 0.640535 0.1605592105263158 0.0017850000000000819 0.0046984649122807295
2 0.6625 0.1922752192982456 0.0021424999999999274 0.005482456140350877
2 0.6757150000000001 0.2576754385964912 0.0021424999999999274 0.0046984649122807295
2 0.5609725 0.0974671052631579 0.0019449999999999364 0.003656798245614044
2 0.568055 0.11543859649122808 0.002222500000000082 0.004265350877192968
2 0.5741675 0.13401315789473683 0.002222500000000082 0.004873903508771923
2 0.54486 0.043859649122807015 0.0019449999999999364 0.004873903508771923
2 0.53986 0.03532894736842105 0.0025 0.004873903508771923
2 0.60389 0.05269188596491228 0.0016675000000000181 0.004265350877192983
2 0.5991675 0.03929276315789474 0.0016675000000000181 0.004265350877192983
2 0.594305 0.026195175438596494 0.0019449999999999364 0.00487390350877193
2 0.589445 0.013706140350877192 0.0016675000000000181 0.004265350877192983
2 0.6325 0.08254385964912281 0.002222500000000082 0.004265350877192968
2 0.78764 0.4766666666666667 0.0019449999999999364 0.005482456140350877
2 0.86986 0.17452302631578948 0.005832499999999982 0.01279057017543862
1 0.9869450000000001 0.8433826754385965 0.025 0.027412280701754384
2 0.9720825 0.917702850877193 0.004722500000000082 0.015230263157894847
2 0.99639 0.9582127192982456 0.0038900000000001 0.012182017543859539
2 0.9591675000000001 0.9006469298245614 0.0033324999999999817 0.007916666666666697
2 0.9158324999999999 0.9003399122807018 0.0016675000000000181 0.00487390350877186
2 0.8880549999999999 0.9088706140350877 0.002777499999999918 0.00487390350877186
2 0.87361 0.9119133771929824 0.002222500000000082 0.006091008771929894
2 0.8440275 0.9189199561403508 0.0019449999999999364 0.005482456140350877
2 0.814305 0.9256195175438596 0.0025 0.006699561403508662
2 0.7915275 0.9119133771929824 0.0025 0.00487390350877186
2 0.7795825 0.8726260964912281 0.0019449999999999364 0.005482456140350877
2 0.7765275 0.8543475877192982 0.0019449999999999364 0.005482456140350877
2 0.7597225 0.7964802631578948 0.002222500000000082 0.006699561403508662
2 0.7658325 0.8144517543859648 0.002222500000000082 0.006091008771929894
2 0.75014 0.7584046052631579 0.0019449999999999364 0.006091008771929894
2 0.72875 0.9454166666666667 0.0019449999999999364 0.00487390350877186
2 0.7404175000000001 0.72125 0.0019449999999999364 0.006091008771929894
2 0.72764 0.6670339912280702 0.0025 0.006091008771929894
2 0.7369450000000001 0.7035800438596491 0.002222500000000082 0.007308114035087679
2 0.7416675 0.6971875000000001 0.002222500000000082 0.004265350877193092
2 0.7561100000000001 0.6971875000000001 0.0016675000000000181 0.005482456140350877
2 0.770695 0.6968804824561403 0.0013900000000001001 0.00487390350877186
2 0.7854175 0.6956633771929825 0.0019449999999999364 0.00487390350877186
2 0.8134724999999999 0.692313596491228 0.0019449999999999364 0.005482456140350877
2 0.7995825 0.6941392543859649 0.0019449999999999364 0.004265350877193092
2 0.82736 0.6904824561403509 0.0019449999999999364 0.005482456140350877
2 0.84111 0.689265350877193 0.002222500000000082 0.004265350877193092
2 0.8548600000000001 0.6868311403508772 0.0025 0.004265350877193092
2 0.8677775 0.6840899122807017 0.002222500000000082 0.006091008771929894
1 0.60625 0.7401315789473685 0.03083249999999998 0.10843201754385975
0 0.6384725 0.9685690789473684 0.009167500000000018 0.012182017543859539
1 0.7028125 0.7024396929824561 0.034375 0.07538377192982457
2 0.1115625 0.8264802631578947 0.005625 0.010964912280701754
2 0.1146875 0.8833607456140351 0.005625 0.012335526315789474
2 0.1171875 0.9409265350877193 0.005625 0.009594298245614035
1 0.3775 0.5084978070175439 0.01875 0.046600877192982455
0 0.3490625 0.8847313596491229 0.009375 0.04523026315789474
1 0.736875 0.9018640350877193 0.06 0.10142543859649122
2 0.8634375 0.5996436403508771 0.005625 0.012335526315789474