3 0.425 0.1772642543859649 0.028332499999999983 0.05482456140350877
3 0.44833249999999997 0.25493421052631576 0.02 0.045685307017543884
2 0.3479175 0.32346491228070173 0.020832499999999983 0.04020285087719294
2 0.3125 0.5674342105263158 0.01666750000000002 0.03106907894736846
2 0.36916750000000004 0.7017543859649122 0.015 0.029237938596491188
2 0.3895825 0.7666282894736842 0.0125 0.027412280701754384
2 0.40625 0.8141447368421053 0.0125 0.02375548245614031
2 0.3170825 0.665202850877193 0.0125 0.018273026315789434
2 0.26083249999999997 0.6368804824561404 0.013332499999999982 0.02375548245614031
2 0.2008325 0.8205427631578948 0.015 0.018273026315789434
2 0.1391675 0.6999287280701755 0.015 0.021929824561403508
2 0.07402500000000001 0.558294956140351 0.0202825 0.02375548245614031
1 0.1109675 0.3262061403508772 0.0725 0.18457785087719303
3 0.3322175 0.4468201754385965 0.03333249999999998 0.07492872807017548
1 0.8041675 0.3481359649122807 0.09166750000000001 0.2430537280701754
1 0.6854175 0.5930208333333333 0.15083249999999998 0.30153508771929827
1 0.5558325 0.8808497807017545 0.04833249999999998 0.16081688596491225
1 0.2922925 0.7392160087719298 0.09125 0.171781798245614