1 0.519375 0.8223684210526315 0.03875 0.08223684210526316
1 0.4775 0.8326480263157895 0.04125 0.07264254385964912
0 0.3033925 0.9140021929824562 0.005357499999999959 0.028196271929824473
0 0.3885725 0.9602138157894737 0.02785749999999996 0.03916118421052622
1 0.059465000000000004 0.8713212719298246 0.01607249999999999 0.01174890350877184
1 0.590715 0.9261458333333333 0.012142499999999928 0.019577850877193003
1 0.4698225 0.9778344298245614 0.02892750000000001 0.028980263157894808
1 0.4921425 0.9167434210526316 0.007857499999999958 0.030542763157894757
1 0.823875 0.8985745614035088 0.00725 0.008771929824561403
1 0.81525 0.8665021929824561 0.005 0.008223684210526315
1 0.821625 0.9111842105263158 0.00575 0.009868421052631578
4 0.39533999999999997 0.7842379385964913 0.003409999999999968 0.018442982456140282