2 0.060832500000000005 0.09502741228070176 0.008332499999999996 0.018273026315789465
2 0.0675 0.31524122807017546 0.01 0.02375548245614031
2 0.08458249999999999 0.4175822368421052 0.0075 0.012790570175438557
2 0.1125 0.558294956140351 0.005 0.012790570175438557
2 0.1416675 0.6825657894736842 0.008332499999999982 0.012790570175438557
2 0.2629175 0.6268256578947368 0.005832499999999982 0.014621710526315829
2 0.3195825 0.7163760964912281 0.009167500000000018 0.018273026315789434
2 0.36375 0.7465296052631579 0.005832499999999982 0.01644736842105263
2 0.4491675 0.8114035087719298 0.01 0.021929824561403508
2 0.3341675 0.9110032894736843 0.006667500000000018 0.01644736842105263
2 0.31833249999999996 0.9365844298245614 0.006667500000000018 0.012790570175438557
1 0.4425 0.8260252192982457 0.031667500000000015 0.051167763157894695
3 0.34475 0.6896929824561403 0.0045 0.02631578947368421
4 0.454 0.5158991228070176 0.005 0.0712719298245614
3 0.462 0.6787280701754386 0.017 0.20833333333333334
3 0.19 0.24396929824561403 0.018 0.01425438596491228
3 0.1965 0.3256578947368421 0.04 0.03070175438596491
3 0.1315 0.27247807017543857 0.024 0.029605263157894735