2 0.315 0.06140350877192982 0.003 0.006578947368421052
2 0.32325 0.06414473684210527 0.0025 0.007675438596491228
2 0.3315 0.06798245614035088 0.003 0.006578947368421052
2 0.32075 0.12664473684210525 0.0025 0.007675438596491228
2 0.33075 0.11239035087719298 0.0035 0.007675438596491228
2 0.30425 0.12116228070175439 0.0035 0.007675438596491228
2 0.301 0.1025219298245614 0.004 0.007675438596491228
1 0.33275 0.6189692982456141 0.0135 0.047149122807017545
1 0.403 0.2362938596491228 0.02 0.049342105263157895
1 0.42475 0.18530701754385964 0.0165 0.043859649122807015
1 0.43725 0.23903508771929824 0.1105 0.2631578947368421
1 0.5135 0.051535087719298246 0.041 0.10307017543859649
1 0.54425 0.3958333333333333 0.0085 0.02412280701754386
4 0.383 0.4654605263157895 0.015 0.03179824561403509
2 0.524 0.78125 0.007 0.027412280701754384
1 0.52975 0.6551535087719298 0.0395 0.11951754385964912
2 0.48325 0.4380482456140351 0.0045 0.01644736842105263
2 0.5035 0.45339912280701755 0.004 0.009868421052631578
2 0.467 0.8777412280701754 0.004 0.009868421052631578
2 0.47875 0.8733552631578947 0.0045 0.009868421052631578
2 0.4895 0.8908991228070176 0.004 0.01206140350877193
2 0.5005 0.8634868421052632 0.004 0.01206140350877193
2 0.4875 0.9407894736842105 0.004 0.010964912280701754
2 0.47925 0.9703947368421053 0.0045 0.013157894736842105
2 0.48375 0.9161184210526315 0.0035 0.009868421052631578
4 0.31475 0.6661184210526315 0.0075 0.07346491228070176
4 0.30525 0.7472587719298246 0.0225 0.01206140350877193
1 0.7325 0.3399122807017544 0.014 0.05482456140350877
1 0.7225 0.14473684210526316 0.035 0.2894736842105263