1 0.3104175 0.6962719298245614 0.02583249999999998 0.051167763157894695
1 0.5708325 0.747439692982456 0.028332499999999983 0.05482456140350877
2 0.12541750000000002 0.028782894736842105 0.01 0.022845394736842113
2 0.1858325 0.2421436403508772 0.008332499999999982 0.021929824561403508
3 0.255625 0.09685855263157894 0.015417500000000018 0.020104166666666676
3 0.38125 0.10553728070175439 0.011667500000000018 0.017362938596491236
3 0.2889575 0.15350877192982457 0.010417500000000019 0.014621710526315767
3 0.36125 0.4587006578947368 0.0175 0.03837719298245614
3 0.3179175 0.377373903508772 0.01666750000000002 0.020104166666666708
3 0.2570825 0.1790953947368421 0.03 0.08223684210526316
3 0.25833249999999996 0.2837171052631579 0.01 0.08863486842105267
3 0.3308325 0.4810855263157895 0.031667500000000015 0.039292763157894775
3 0.4635425 0.16081688596491228 0.010417500000000019 0.020104166666666645
3 0.486875 0.16218749999999998 0.009582499999999982 0.015531798245614058
3 0.4677075 0.34173793859649126 0.014582499999999983 0.018273026315789434
3 0.4697925 0.3824013157894737 0.01125 0.017362938596491267
3 0.5585425 0.3499616228070176 0.00625 0.012790570175438557
3 0.58 0.3522478070175439 0.009167500000000018 0.015531798245613996
3 0.6422925 0.3508771929824561 0.015417500000000018 0.02375548245614031
3 0.66125 0.352702850877193 0.0125 0.021929824561403508
3 0.6554175 0.3919956140350877 0.02 0.025586622807017585
3 0.6370825 0.3897094298245614 0.015 0.024671052631578948
3 0.6416675000000001 0.5299725877192982 0.009167500000000018 0.014621710526315829
3 0.6258325 0.5272313596491228 0.014167500000000019 0.018273026315789434
3 0.6227075 0.5578399122807017 0.012917500000000018 0.015531798245613996
3 0.6385425 0.5578399122807017 0.01125 0.013706140350877192
0 0.6672925000000001 0.6716008771929824 0.007082499999999982 0.012790570175438557
2 0.5122925 0.7771381578947368 0.00625 0.010049342105263119
2 0.46854250000000003 0.7867324561403509 0.00625 0.009139254385964952
2 0.4254175 0.7972423245614035 0.005832499999999982 0.010049342105263119
2 0.3839575 0.8068366228070176 0.00625 0.010964912280701754
2 0.3427075 0.8173410087719298 0.00625 0.010049342105263119
3 0.4452075 0.7268804824561403 0.03458249999999998 0.015531798245613996
3 0.3885425 0.7218585526315789 0.03208249999999998 0.012790570175438557
3 0.4052075 0.7497258771929824 0.00875 0.013706140350877192
3 0.35104250000000004 0.7200274122807017 0.00875 0.012790570175438557
3 0.3864575 0.625 0.007917500000000018 0.012790570175438557
3 0.41958249999999997 0.543218201754386 0.02 0.01918859649122807
3 0.5985425 0.9630866228070176 0.007917500000000018 0.007308114035087679
3 0.6004175 0.953031798245614 0.0033324999999999817 0.009139254385964952
3 0.4183325 0.8767379385964913 0.005832499999999982 0.006398026315789514
0 0.6275 0.7835361842105264 0.006667500000000018 0.03197916666666663
2 0.3120825 0.8612006578947368 0.005832499999999982 0.01188048245614039
1 0.4954175 0.6889638157894737 0.019167500000000018 0.06396381578947373
3 0.773125 0.2090186403508772 0.0125 0.031524122807017545
4 0.3447925 0.5509868421052632 0.019582499999999982 0.04020285087719294
3 0.229375 0.3435690789473684 0.01875 0.06578947368421052
3 0.2972925 0.3358004385964912 0.04208249999999998 0.0648739035087719