2 0.50375 0.6944462719298246 0.009167500000000018 0.021929824561403508
1 0.44175 0.14035087719298245 0.0105 0.021929824561403508
1 0.3725 0.23135964912280702 0.022 0.046052631578947366
1 0.29175 0.5082236842105263 0.0145 0.03399122807017544
4 0.27375 0.5389254385964912 0.0065 0.06907894736842106
4 0.26325 0.5915570175438597 0.0205 0.01425438596491228
1 0.39525 0.19298245614035087 0.0125 0.03289473684210526
1 0.41775 0.16721491228070176 0.0165 0.023026315789473683
2 0.465 0.008771929824561403 0.003 0.006578947368421052
2 0.45675 0.012609649122807017 0.0035 0.007675438596491228
2 0.43775 0.0043859649122807015 0.0015 0.008771929824561403
2 0.42675 0.9287280701754386 0.0035 0.010964912280701754
2 0.4415 0.9303728070175439 0.004 0.009868421052631578
2 0.4705 0.9303728070175439 0.004 0.009868421052631578
2 0.48525 0.9265350877192983 0.0045 0.010964912280701754
2 0.44325 0.9051535087719298 0.0045 0.009868421052631578
2 0.45575 0.9320175438596491 0.0035 0.008771929824561403
2 0.36325 0.9078947368421053 0.0035 0.010964912280701754
2 0.3285 0.8881578947368421 0.004 0.010964912280701754
2 0.25275 0.8464912280701754 0.0055 0.013157894736842105
2 0.4985 0.9243421052631579 0.004 0.010964912280701754
2 0.5855 0.8826754385964912 0.004 0.008771929824561403
2 0.56225 0.8980263157894737 0.0035 0.008771929824561403
2 0.574 0.8898026315789473 0.003 0.009868421052631578
2 0.60725 0.8651315789473685 0.0035 0.006578947368421052
2 0.6175 0.8547149122807017 0.004 0.009868421052631578
2 0.59175 0.8547149122807017 0.0025 0.009868421052631578
2 0.57275 0.868421052631579 0.0035 0.006578947368421052
2 0.60625 0.6957236842105263 0.0035 0.01206140350877193
2 0.443 0.8294956140350878 0.004 0.009868421052631578
2 0.454 0.8075657894736842 0.004 0.009868421052631578
2 0.45675 0.7675438596491229 0.0045 0.010964912280701754
2 0.4295 0.7472587719298246 0.004 0.009868421052631578
2 0.444 0.7489035087719298 0.004 0.010964912280701754
2 0.4715 0.7505482456140351 0.004 0.009868421052631578
2 0.4775 0.14692982456140352 0.004 0.010964912280701754
2 0.45575 0.3985745614035088 0.0045 0.01206140350877193
2 0.50275 0.3190789473684211 0.0025 0.008771929824561403
2 0.46425 0.29221491228070173 0.0045 0.01206140350877193
2 0.46575 0.2532894736842105 0.0045 0.008771929824561403
4 0.3425 0.40076754385964913 0.015 0.025219298245614034
2 0.23925 0.8382675438596491 0.0065 0.01425438596491228