3 0.1815625 0.48725328947368424 0.114375 0.1631030701754386
3 0.1021875 0.5365953947368421 0.043125 0.06716008771929824
3 0.1234375 0.5585252192982456 0.016875 0.028782894736842105
3 0.083125 0.6016995614035088 0.0275 0.03289473684210526
3 0.361875 0.4043311403508772 0.0225 0.046600877192982455
3 0.175 0.8004385964912281 0.085 0.10964912280701754
3 0.405 0.6380208333333334 0.03125 0.04797149122807018
3 0.373125 0.47834429824561403 0.03625 0.03289473684210526
3 0.504375 0.47354714912280704 0.04875 0.05071271929824561
3 0.5571875 0.4858826754385965 0.039375 0.026041666666666668
3 0.67375 0.9375 0.0225 0.06853070175438597
3 0.5646875 0.4159813596491228 0.023125 0.015076754385964912
3 0.5365625 0.4159813596491228 0.016875 0.015076754385964912
3 0.50625 0.39816337719298245 0.01875 0.023300438596491228
3 0.6778125 0.4701206140350877 0.019375 0.0356359649122807
3 0.71625 0.38308662280701755 0.03625 0.0644188596491228
2 0.7503125 0.32209429824561403 0.009375 0.010964912280701754
2 0.7025 0.40707236842105265 0.00875 0.010964912280701754