2 0.6989575 0.4468201754385965 0.00375 0.010964912280701754
2 0.7020824999999999 0.4810855263157895 0.0033324999999999817 0.01188048245614039
2 0.67 0.543218201754386 0.0033324999999999817 0.008223684210526315
4 0.473125 0.3924506578947369 0.012082499999999982 0.024671052631578948
4 0.47458249999999996 0.3824013157894737 0.01 0.024671052631578948
0 0.5027075 0.4934210526315789 0.01125 0.01644736842105263
0 0.5154175 0.4673793859649123 0.019167500000000018 0.01188048245614039
2 0.5419325 0.32720394736842107 0.0029549999999999273 0.005482456140350877
2 0.544545 0.30153508771929827 0.002272500000000036 0.003985745614035078
1 0.4752275 0.32969298245614037 0.01 0.017445175438596458
1 0.48375 0.3027796052631579 0.019317499999999994 0.006480263157894702