1 0.530625 0.09228618421052633 0.015417500000000018 0.11330592105263158
2 0.6733325 0.06807565789473685 0.0025 0.008223684210526315
2 0.700625 0.08954495614035088 0.002917500000000018 0.009139254385964921
2 0.6858325 0.07858004385964913 0.0025 0.009139254385964921
2 0.5729175 0.5148958333333333 0.005 0.006398026315789514
2 0.5704175 0.506672149122807 0.004167500000000018 0.006398026315789514
3 0.6852075 0.5235745614035088 0.007082499999999982 0.042033991228070215
2 0.838125 0.7821655701754386 0.015417500000000018 0.020104166666666708
2 0.771875 0.16904057017543858 0.007082499999999982 0.021929824561403508
2 0.8983325 0.3024506578947368 0.0075 0.014621710526315829
1 0.7327075 0.3243804824561403 0.04875 0.17543859649122806