2 0.0116675 0.05390899122807018 0.006667500000000001 0.01644736842105263
2 0.013332499999999999 0.1251809210526316 0.006667499999999997 0.01644736842105263
2 0.013332499999999999 0.18731907894736843 0.005 0.01644736842105263
2 0.0129175 0.24396929824561403 0.005832499999999999 0.01279057017543862
1 0.60375 0.5921052631578947 0.07583249999999998 0.043859649122807015
1 0.6654175 0.6103782894736842 0.03416750000000002 0.029237938596491188
1 0.7316675 0.5948464912280702 0.026667500000000018 0.027412280701754384
1 0.46875 0.6661184210526315 0.0125 0.08223684210526316
3 0.945 0.08406250000000001 0.031667500000000015 0.043859649122807015
2 0.7775 0.8269353070175438 0.005 0.009139254385964952
2 0.7933325 0.8360745614035088 0.005 0.01644736842105263
2 0.755 0.9210526315789473 0.008332499999999982 0.010964912280701754
2 0.745 0.9009484649122806 0.006667500000000018 0.010964912280701754
2 0.7904175 0.9146546052631579 0.0075 0.012790570175438557
0 0.8623225 0.17152412280701756 0.0125 0.03916118421052635