2 0.738125 0.5098684210526315 0.00875 0.021929824561403508
1 0.819375 0.34539473684210525 0.01625 0.027412280701754384
2 0.495625 0.23574561403508773 0.01375 0.027412280701754384
3 0.1725 0.14309210526315788 0.038 0.044956140350877194
3 0.10175 0.13815789473684212 0.0395 0.05263157894736842
3 0.0655 0.1650219298245614 0.016 0.04057017543859649
3 0.1415 0.07894736842105263 0.029 0.02631578947368421
3 0.19125 0.0356359649122807 0.0405 0.049342105263157895
3 0.20025 0.1069078947368421 0.0105 0.03399122807017544
3 0.41125 0.09155701754385964 0.0265 0.029605263157894735
2 0.794375 0.5838815789473685 0.0045824999999999816 0.010964912280701754