4 0.2708325 0.26726973684210525 0.015832499999999982 0.04111842105263158
4 0.35354250000000004 0.3490515350877193 0.014582499999999983 0.021929824561403508
1 0.4575 0.386968201754386 0.03 0.022845394736842144
1 0.4320825 0.48428179824561407 0.021667500000000017 0.08589364035087724
3 0.4141675 0.33214364035087723 0.011667500000000018 0.022845394736842144
1 0.74 0.14574013157894736 0.0625 0.27868969298245616
1 0.666875 0.37052083333333335 0.05375 0.044775219298245655
3 0.7035425000000001 0.17543859649122806 0.007082499999999982 0.010964912280701754
3 0.9508325 0.21061951754385966 0.009167500000000018 0.017362938596491205
3 0.740625 0.5523574561403509 0.04875 0.0338103070175439
3 0.6685425 0.5418475877192983 0.019582499999999982 0.029237938596491188
1 0.9616675 0.6103782894736842 0.03 0.018273026315789434
1 0.5429700000000001 0.7634320175438597 0.0059375 0.027412280701754384
2 0.495 0.8484100877192983 0.001875 0.006853070175438596
2 0.4859375 0.8309375000000001 0.0025 0.007538377192982456
2 0.49078 0.8395010964912281 0.0021875 0.006853070175438596
2 0.4703125 0.8754824561403509 0.003125 0.007538377192982456
2 0.46125 0.7051809210526315 0.0025 0.008223684210526315
2 0.4546875 0.7051809210526315 0.0025 0.008223684210526315
2 0.4434375 0.6815405701754387 0.0025 0.007538377192982456
2 0.4396875 0.6609813596491229 0.0025 0.007538377192982456
1 0.51125 0.606842105263158 0.01 0.025356359649122806
1 0.48703250000000003 0.903234649122807 0.0015625 0.006853070175438596
1 0.47797 0.9166008771929826 0.0021875 0.006167763157894737
1 0.4684375 0.9008388157894738 0.0025 0.006167763157894737
4 0.3253125 0.8072916666666666 0.004375 0.02055921052631579
1 0.4591675 0.5802247807017543 0.03333249999999998 0.06030701754385965