4 0.22475 0.6759868421052632 0.0045 0.0712719298245614
1 0.44425 0.47971491228070173 0.0705 0.27521929824561403
4 0.507 0.4824561403508772 0.011 0.043859649122807015
4 0.5045 0.4369517543859649 0.018 0.0537280701754386
0 0.49775 0.868421052631579 0.0055 0.043859649122807015
2 0.633 0.8881578947368421 0.009 0.021929824561403508
2 0.7045 0.8832236842105263 0.006 0.01644736842105263
2 0.94575 0.8273026315789473 0.0085 0.020833333333333332
2 0.9 0.8355263157894737 0.007 0.021929824561403508
2 0.88275 0.84375 0.0055 0.01425438596491228
4 0.56725 0.37006578947368424 0.0085 0.0537280701754386
1 0.8608325 0.6167763157894737 0.05166750000000002 0.042033991228070215