1 0.369 0.5224780701754386 0.041 0.047149122807017545
1 0.44425 0.5794956140350878 0.0325 0.05592105263157895
1 0.4095 0.5290570175438597 0.028 0.0756578947368421
1 0.3805 0.6995614035087719 0.038 0.02850877192982456
0 0.30075 0.7165570175438597 0.0485 0.05592105263157895
0 0.209 0.6979166666666666 0.006 0.025219298245614034
1 0.49075 0.737390350877193 0.0205 0.01864035087719298
1 0.2485 0.7412280701754386 0.064 0.039473684210526314
1 0.23475 0.7538377192982456 0.0455 0.03399122807017544
1 0.289 0.5449561403508771 0.025 0.039473684210526314
4 0.29125 0.4901315789473684 0.0035 0.017543859649122806
1 0.347 0.08388157894736842 0.031 0.044956140350877194
1 0.70575 0.6655701754385965 0.0045 0.007675438596491228
1 0.712875 0.6970942982456141 0.00675 0.006030701754385965
1 0.866 0.6968201754385965 0.036 0.01644736842105263
1 0.902625 0.6913377192982456 0.02325 0.015350877192982455
1 0.129375 0.7116228070175439 0.04925 0.019736842105263157
1 0.26928500000000005 0.6398793859649123 0.008572499999999992 0.020361842105263088
1 0.2708925 0.6265679824561403 0.008927500000000008 0.020361842105263088