3 0.1991675 0.6990131578947368 0.015 0.01644736842105263
3 0.23125 0.7145449561403509 0.0275 0.06213267543859645
3 0.25541749999999996 0.7209429824561403 0.02416750000000002 0.03837719298245614
3 0.335 0.8689692982456141 0.011667500000000018 0.027412280701754384
3 0.5025 0.4778892543859649 0.01666750000000002 0.03106907894736846
3 0.47875 0.6323081140350877 0.014167500000000019 0.014621710526315829
3 0.5416675 0.6917050438596491 0.015 0.027412280701754384
3 0.3533325 0.7245997807017545 0.008332499999999982 0.027412280701754384
3 0.3791675 0.6926151315789473 0.008332499999999982 0.018273026315789434
1 0.4485 0.38760964912280704 0.006667500000000018 0.020104166666666708
3 0.2866675 0.6195175438596491 0.008332499999999982 0.014621710526315829
3 0.3083325 0.6725164473684211 0.005 0.014621710526315829
3 0.30166750000000003 0.6889638157894737 0.005 0.018273026315789434
3 0.2929175 0.6734265350877192 0.005832499999999982 0.012790570175438557
3 0.655 0.5290570175438597 0.05 0.09685855263157898
3 0.7708325 0.7748519736842104 0.10833249999999998 0.05848135964912285
3 0.8433324999999999 0.7666282894736842 0.031667500000000015 0.03106907894736846
3 0.8766675 0.747439692982456 0.04 0.06213267543859645
3 0.8975 0.7072368421052632 0.011667500000000018 0.025586622807017585
3 0.9108324999999999 0.7017543859649122 0.01666750000000002 0.029237938596491188
3 0.9583325 0.7054111842105264 0.025 0.036551535087719335
3 0.9883325 0.6807401315789474 0.02333249999999998 0.02375548245614031
3 0.9283325 0.7574945175438597 0.01 0.012790570175438557
3 0.76875 0.4998190789473684 0.02416750000000002 0.04568530701754382
3 0.67375 0.4047861842105263 0.0375 0.042033991228070215
3 0.6916675 0.6514967105263157 0.04333249999999998 0.08954495614035084
3 0.7325 0.6980975877192982 0.02 0.04020285087719294
3 0.71125 0.7081524122807018 0.0225 0.03106907894736846
3 0.7366675 0.6505866228070176 0.04 0.04020285087719294
3 0.7866675 0.7008388157894736 0.01 0.012790570175438557
3 0.7820825 0.6716008771929824 0.0075 0.012790570175438557
3 0.7691675 0.6204331140350877 0.011667500000000018 0.020104166666666708
3 0.6729175000000001 0.6789089912280701 0.0175 0.03472039473684207
3 0.655 0.6752576754385965 0.01 0.01644736842105263
3 0.6083324999999999 0.6039857456140352 0.011667500000000018 0.020104166666666708
3 0.6195825 0.5656085526315789 0.0125 0.01644736842105263
3 0.58 0.625 0.006667500000000018 0.014621710526315829
3 0.555 0.6670339912280702 0.008332499999999982 0.010964912280701754
3 0.601 0.7774122807017544 0.091 0.1206140350877193
3 0.69075 0.4786184210526316 0.0065 0.01644736842105263
3 0.72375 0.4451754385964912 0.0065 0.013157894736842105
3 0.80825 0.3963815789473684 0.0075 0.009868421052631578
3 0.8385 0.5339912280701754 0.009 0.017543859649122806
3 0.83625 0.6162280701754386 0.0065 0.010964912280701754
3 0.806 0.5877192982456141 0.006 0.008771929824561403
3 0.79525 0.45614035087719296 0.0075 0.017543859649122806
3 0.775 0.41173245614035087 0.006 0.01206140350877193
3 0.77275 0.4413377192982456 0.0045 0.007675438596491228
3 0.767 0.42653508771929827 0.005 0.006578947368421052
2 0.59875 0.40021929824561403 0.0075 0.010964912280701754
2 0.752 0.3919956140350877 0.009 0.01206140350877193
3 0.5945 0.43475877192982454 0.007 0.009868421052631578
3 0.516 0.6765350877192983 0.006 0.008771929824561403
3 0.50775 0.6277412280701754 0.0085 0.007675438596491228
3 0.46725 0.6085526315789473 0.0085 0.006578947368421052
3 0.457 0.6266447368421053 0.007 0.007675438596491228
3 0.90475 0.6255482456140351 0.0095 0.009868421052631578
3 0.905 0.555921052631579 0.006 0.008771929824561403
3 0.89275 0.5394736842105263 0.0065 0.010964912280701754
3 0.88675 0.4961622807017544 0.0065 0.007675438596491228
3 0.96825 0.48026315789473684 0.0075 0.015350877192982455
3 0.982 0.49780701754385964 0.011 0.017543859649122806
3 0.96325 0.5405701754385965 0.0075 0.013157894736842105
3 0.99675 0.6233552631578947 0.0055 0.007675438596491228
3 0.96675 0.6617324561403509 0.0055 0.009868421052631578
3 0.92525 0.5219298245614035 0.0045 0.006578947368421052
3 0.99475 0.5049342105263158 0.0045 0.005482456140350877
3 0.9815 0.29989035087719296 0.036 0.049342105263157895
3 0.88475 0.29605263157894735 0.1205 0.08771929824561403
3 0.76375 0.29385964912280704 0.0685 0.08991228070175439
3 0.6385 0.28618421052631576 0.039 0.03289473684210526
3 0.6135 0.2735745614035088 0.012 0.020833333333333332
3 0.62475 0.26864035087719296 0.0125 0.013157894736842105
3 0.5695 0.30975877192982454 0.13 0.08662280701754387
3 0.571 0.22807017543859648 0.023 0.02412280701754386
3 0.5825 0.19572368421052633 0.023 0.029605263157894735
3 0.5915 0.17543859649122806 0.021 0.019736842105263157
3 0.636 0.19407894736842105 0.015 0.019736842105263157
3 0.6435 0.18092105263157895 0.014 0.015350877192982455
3 0.693 0.1737938596491228 0.041 0.044956140350877194
3 0.738 0.1875 0.027 0.041666666666666664
3 0.70325 0.1513157894736842 0.0485 0.041666666666666664
3 0.7745 0.19791666666666666 0.027 0.03179824561403509
3 0.739 0.24013157894736842 0.009 0.008771929824561403
3 0.75825 0.23300438596491227 0.0245 0.029605263157894735
3 0.45525 0.2982456140350877 0.1035 0.10964912280701754
3 0.37 0.33497807017543857 0.077 0.049342105263157895
3 0.34225 0.30975877192982454 0.0215 0.020833333333333332
3 0.37125 0.2735745614035088 0.0075 0.009868421052631578
3 0.315 0.32346491228070173 0.031 0.010964912280701754
3 0.2585 0.34484649122807015 0.032 0.03837719298245614
3 0.22975 0.2987938596491228 0.0815 0.0668859649122807
3 0.24475 0.2571271929824561 0.0315 0.047149122807017545
3 0.2965 0.27521929824561403 0.039 0.05043859649122807
3 0.3255 0.23684210526315788 0.021 0.017543859649122806
3 0.32725 0.2746710526315789 0.0125 0.01425438596491228
3 0.4705 0.21984649122807018 0.009 0.007675438596491228
3 0.505 0.22532894736842105 0.011 0.01864035087719298
3 0.4585 0.2225877192982456 0.009 0.015350877192982455
3 0.4345 0.18421052631578946 0.017 0.03289473684210526
3 0.415 0.18092105263157895 0.016 0.03289473684210526
3 0.3877075 0.41118421052631576 0.02041750000000002 0.020104166666666708
3 0.30770749999999997 0.5957620614035088 0.007082499999999982 0.018273026315789434
3 0.4139575 0.4468201754385965 0.009582499999999982 0.010964912280701754
3 0.40395749999999997 0.4673793859649123 0.00375 0.008223684210526315
3 0.1775 0.5592105263157895 0.0175 0.03289473684210526
3 0.226875 0.4680646929824561 0.0075 0.015076754385964912
4 0.184285 0.7714583333333334 0.007857500000000016 0.004698464912280791
4 0.19035749999999999 0.761672149122807 0.005714999999999975 0.010180921052631669
4 0.3676775 0.7585361842105263 0.02892750000000001 0.007050438596491298
3 0.263215 0.6469298245614035 0.0042849999999999685 0.007834429824561383
0 0.020715 0.8916831140350877 0.013572499999999998 0.01331688596491226
0 0.03625 0.9104769736842105 0.011784999999999997 0.010180921052631669
3 0.005 0.2773190789473684 0.01 0.021014254385964933
4 0.4464575 0.8045504385964912 0.03125 0.046600877192982455
3 0.9575 0.1297532894736842 0.04416750000000002 0.03655153508771931