3 0.19125 0.4022752192982456 0.03 0.05345394736842105
3 0.32625 0.6167763157894737 0.01375 0.024671052631578948
3 0.3625 0.6345942982456141 0.03875 0.0849780701754386
3 0.4025 0.6352796052631579 0.02875 0.05071271929824561
3 0.489375 0.6270559210526315 0.015 0.03700657894736842
3 0.5415 0.8026315789473685 0.014 0.03070175438596491
3 0.6 0.5723684210526315 0.017 0.02850877192982456
3 0.53575 0.512609649122807 0.0155 0.01644736842105263
3 0.4955 0.5877192982456141 0.009 0.015350877192982455
3 0.42725 0.5877192982456141 0.0095 0.019736842105263157
3 0.41125 0.5696271929824561 0.0085 0.01644736842105263
3 0.42475 0.5663377192982456 0.0115 0.01644736842105263
3 0.37275 0.49835526315789475 0.0115 0.01644736842105263
3 0.3795 0.4652741228070175 0.012 0.023393640350877234
3 0.36425 0.5358168859649123 0.0065 0.013157894736842105
3 0.484 0.346672149122807 0.022 0.03399122807017544
3 0.5545 0.29678179824561407 0.029 0.041666666666666664
2 0.5105 0.27704495614035085 0.006 0.013157894736842105
3 0.65375 0.5232072368421052 0.0435 0.08223684210526316
3 0.59575 0.41026864035087723 0.0535 0.09320175438596491
3 0.6855 0.5676151315789473 0.018 0.041666666666666664
3 0.67575 0.5286896929824562 0.0235 0.03179824561403509
3 0.65875 0.5539089912280701 0.0165 0.027412280701754384
3 0.65925 0.683843201754386 0.0215 0.04824561403508772
3 0.6735 0.647110745614035 0.02 0.025219298245614034
3 0.73175 0.6277412280701754 0.0495 0.0537280701754386
3 0.7535 0.5932017543859649 0.021 0.041666666666666664
3 0.8025 0.5586622807017544 0.024 0.03399122807017544
3 0.8465 0.5120614035087719 0.022 0.041666666666666664
3 0.76975 0.5400219298245614 0.0115 0.01425438596491228
3 0.75375 0.5603070175438597 0.0115 0.017543859649122806
3 0.63725 0.39364035087719296 0.0235 0.03728070175438596
3 0.55725 0.21765350877192982 0.0445 0.07346491228070176
3 0.45125 0.19407894736842105 0.1095 0.08771929824561403
3 0.47825 0.17434210526315788 0.0245 0.03070175438596491
3 0.35325 0.12335526315789473 0.1205 0.13925438596491227
3 0.28675 0.13706140350877194 0.0875 0.07675438596491228
3 0.39825 0.08881578947368421 0.0265 0.02850877192982456
3 0.387 0.0581140350877193 0.03 0.039473684210526314
3 0.3785 0.03673245614035088 0.026 0.029605263157894735
3 0.439 0.06195175438596491 0.046 0.0581140350877193
3 0.23525 0.08607456140350878 0.0275 0.027412280701754384
3 0.2165 0.09265350877192982 0.018 0.01644736842105263
3 0.14975 0.09210526315789473 0.0595 0.06578947368421052
3 0.075 0.027412280701754384 0.106 0.05482456140350877
3 0.14625 0.027412280701754384 0.0185 0.015350877192982455
3 0.144 0.013157894736842105 0.035 0.02631578947368421
3 0.16375 0.01644736842105263 0.0345 0.03070175438596491
3 0.24075 0.049342105263157895 0.0115 0.013157894736842105
3 0.1895 0.0268640350877193 0.015 0.01425438596491228
3 0.19925 0.2730263157894737 0.0165 0.021929824561403508
1 0.0175 0.22861842105263158 0.035 0.08881578947368421
3 0.23925 0.4594298245614035 0.0125 0.021929824561403508
2 0.95875 0.7636293859649123 0.003927500000000009 0.004698464912280791
2 0.9798225 0.7741995614035089 0.003927500000000009 0.005482456140350877