4 0.705 0.4237171052631579 0.03071499999999992 0.05482456140350877
4 0.7998225 0.3309046052631579 0.02892750000000001 0.05717653508771928
2 0.3346425 0.009396929824561404 0.0042849999999999685 0.007834429824561402
2 0.33482249999999997 0.04973135964912281 0.0032150000000000316 0.003914473684210519
2 0.41553500000000004 0.06422149122807018 0.0032150000000000316 0.006266447368421056
2 0.3964275 0.05913377192982456 0.002857499999999959 0.008612938596491232
2 0.4660725 0.07283991228070176 0.003572499999999991 0.006266447368421056
2 0.5260724999999999 0.08341008771929824 0.0028575000000000727 0.007050438596491236
2 0.6276775 0.09868421052631579 0.0025 0.004698464912280698
2 0.709465 0.029764254385964913 0.003214999999999918 0.007834429824561407
2 0.7846425 0.13040570175438598 0.0028575000000000727 0.005482456140350877
2 0.7933925000000001 0.13510416666666666 0.0017850000000000819 0.005482456140350877
2 0.8326775 0.10925986842105263 0.003214999999999918 0.010180921052631575