2 0.49607249999999997 0.4887225877192982 0.011427500000000009 0.01723135964912284
2 0.6441074999999999 0.6261732456140351 0.011785000000000082 0.008612938596491248
2 0.5551775 0.6418366228070176 0.009642499999999927 0.01331688596491226
2 0.521965 0.7009703947368421 0.008214999999999919 0.010964912280701754
2 0.4516075 0.5443311403508772 0.008215000000000031 0.014095394736842124
2 0.416785 0.6046381578947367 0.006427500000000009 0.010964912280701754
2 0.401785 0.6410581140350877 0.007857499999999958 0.018015350877193054
2 0.3921425 0.6602467105263158 0.007142500000000041 0.010964912280701754
3 0.4676775 0.6062006578947369 0.0275 0.04072916666666665
3 0.4575 0.5725274122807017 0.010715000000000032 0.01879934210526314
3 0.4851775 0.4887225877192982 0.0175 0.03916118421052635
3 0.409285 0.5090844298245615 0.005715000000000032 0.01879934210526314
3 0.41767750000000003 0.49106907894736845 0.006784999999999968 0.029764254385964892
3 0.46785750000000004 0.5404111842105264 0.014284999999999968 0.020361842105263213
3 0.5073225 0.6089418859649123 0.025357500000000074 0.03680921052631572
0 0.5916075 0.5400219298245614 0.010357500000000073 0.008612938596491248
3 0.6 0.6324396929824561 0.032857500000000074 0.014879385964912211
2 0.286785 0.2768640350877193 0.005715000000000032 0.01801535087719293
2 0.26196499999999995 0.374375 0.0032150000000000316 0.010964912280701754
2 0.27946499999999996 0.3136732456140351 0.0032150000000000316 0.010180921052631544
2 0.3028575 0.17269736842105263 0.0042849999999999685 0.008612938596491248
2 0.195715 0.1519407894736842 0.003572499999999991 0.010964912280701754
2 0.18125 0.1785690789473684 0.003927500000000009 0.010964912280701754
2 0.174285 0.31328399122807016 0.004285000000000025 0.010964912280701754
2 0.18392750000000002 0.4139254385964912 0.004285000000000025 0.01331688596491226
1 0.1766075 0.8129714912280701 0.016785000000000026 0.03446271929824568
1 0.180535 0.8446875 0.018214999999999974 0.03680921052631572
1 0.581785 0.8239364035087718 0.09428500000000008 0.03446271929824568
3 0.6951775 0.637922149122807 0.008214999999999919 0.01174890350877184
3 0.6521425000000001 0.6324396929824561 0.012142499999999928 0.010180921052631669
3 0.6644650000000001 0.619906798245614 0.008214999999999919 0.008612938596491248
3 0.5689275 0.6148190789473684 0.019285000000000083 0.028196271929824473
3 0.806965 0.5055592105263158 0.0075 0.011748903508771965
3 0.8264275 0.48989583333333336 0.027142499999999927 0.021145833333333298