1 0.424375 0.46463815789473684 0.06125 0.2987938596491228
1 0.4475 0.6811951754385965 0.045 0.12335526315789473
1 0.476875 0.48930921052631576 0.015 0.06304824561403509
1 0.49825 0.30153508771929827 0.0475 0.1118421052631579
4 0.5235 0.6129385964912281 0.008 0.03070175438596491
4 0.59975 0.29769736842105265 0.0275 0.05592105263157895
3 0.6815 0.3262061403508772 0.012 0.01864035087719298
2 0.41375 0.8601973684210527 0.0045 0.01206140350877193
2 0.41775 0.8985745614035088 0.0045 0.01644736842105263
2 0.43325 0.9435307017543859 0.0045 0.01644736842105263
2 0.44175 0.9435307017543859 0.0035 0.01425438596491228
2 0.45525 0.912828947368421 0.0035 0.01206140350877193
3 0.20375 0.5224780701754386 0.0175 0.023026315789473683
1 0.525 0.7788541666666667 0.010625 0.02261513157894737
1 0.55375 0.859375 0.00875 0.05071271929824561
1 0.7482825000000001 0.7802247807017545 0.0490625 0.07195723684210527
1 0.6434375 0.8045504385964912 0.058125 0.01644736842105263
2 0.5339075 0.4173519736842105 0.0046875 0.010964912280701754
3 0.582345 0.16104714912280702 0.0096875 0.0424890350877193
1 0.9159375 0.7997532894736842 0.0375 0.06030701754385965
3 0.795155 0.6435032894736842 0.0065625 0.005482456140350877
3 0.8092174999999999 0.6705756578947369 0.0215625 0.030838815789473683
3 0.9042175 0.703125 0.0734375 0.0644188596491228
4 0.61422 0.5060964912280702 0.0240625 0.0678453947368421
4 0.2659375 0.28988486842105265 0.009375 0.031524122807017545
3 0.433595 0.06853070175438597 0.0271875 0.05893640350877193
0 0.42125 0.04797149122807018 0.015 0.02055921052631579
3 0.5421875 0.07332785087719298 0.045 0.13432017543859648
1 0.49765499999999996 0.5482456140350878 0.0271875 0.06030701754385965
1 0.9496875 0.30838815789473684 0.054375 0.1069078947368421