3 0.5734375 0.21655701754385964 0.023125 0.030153508771929825
3 0.448125 0.2713815789473684 0.01125 0.024671052631578948
3 0.5134375 0.5838815789473685 0.035625 0.03837719298245614
3 0.4778125 0.7134046052631579 0.015625 0.031524122807017545
3 0.3915625 0.6853070175438597 0.015625 0.021929824561403508
3 0.5159375 0.7038103070175439 0.009375 0.015076754385964912
3 0.5790625 0.43242872807017546 0.033125 0.028782894736842105
3 0.130625 0.9731359649122807 0.0125 0.01644736842105263
3 0.7065625 0.3364857456140351 0.035625 0.026041666666666668
3 0.6121875 0.39473684210526316 0.026875 0.030153508771929825
3 0.6934375 0.7730263157894737 0.018125 0.01644736842105263
3 0.82625 0.5290570175438597 0.00875 0.021929824561403508
3 0.5034375 0.5174067982456141 0.029375 0.02055921052631579