4 0.5815625 0.6311677631578947 0.029375 0.08360745614035088
3 0.2271875 0.551672149122807 0.025625 0.031524122807017545
3 0.29125 0.17338267543859648 0.03375 0.026041666666666668
3 0.0528125 0.6565241228070176 0.105625 0.15625
3 0.0325 0.5352247807017544 0.0175 0.026041666666666668
3 0.0378125 0.4975328947368421 0.016875 0.030153508771929825
3 0.125 0.46326754385964913 0.0125 0.01644736842105263
3 0.5653125 0.9560032894736842 0.014375 0.023300438596491228
3 0.5559375 0.981359649122807 0.013125 0.01644736842105263
3 0.4915625 0.2631578947368421 0.020625 0.03289473684210526
3 0.458125 0.234375 0.03625 0.03289473684210526
3 0.41375 0.20559210526315788 0.01125 0.01644736842105263
3 0.3325 0.17269736842105263 0.01375 0.01644736842105263