3 0.11067708333333333 0.16782407407407407 0.015625 0.03009259259259259
3 0.19986979166666666 0.6192129629629629 0.009114583333333334 0.020833333333333332
3 0.2109375 0.5625 0.010416666666666666 0.018518518518518517
3 0.4114583333333333 0.6689814814814815 0.0078125 0.013888888888888888
3 0.3984375 0.7152777777777778 0.0078125 0.009259259259259259
3 0.3860677083333333 0.7604166666666666 0.006510416666666667 0.016203703703703703
3 0.3736979166666667 0.8067129629629629 0.0078125 0.016203703703703703
3 0.361328125 0.8483796296296297 0.006510416666666667 0.011574074074074073
3 0.349609375 0.8923611111111112 0.006510416666666667 0.016203703703703703
3 0.3372395833333333 0.9398148148148148 0.0078125 0.013888888888888888
3 0.3326822916666667 0.9745370370370371 0.006510416666666667 0.013888888888888888
3 0.3600260416666667 0.9942129629629629 0.006510416666666667 0.011574074074074073
3 0.4518229166666667 0.6921296296296297 0.0078125 0.013888888888888888
3 0.427734375 0.6689814814814815 0.006510416666666667 0.018518518518518517
3 0.4759114583333333 0.7106481481481481 0.006510416666666667 0.013888888888888888
3 0.4986979166666667 0.7280092592592593 0.0078125 0.016203703703703703
3 0.5325520833333334 0.7569444444444444 0.0078125 0.018518518518518517
3 0.5182291666666666 0.8009259259259259 0.0078125 0.018518518518518517
3 0.5045572916666666 0.84375 0.009114583333333334 0.020833333333333332
3 0.4895833333333333 0.8865740740740741 0.010416666666666666 0.018518518518518517
3 0.47265625 0.9305555555555556 0.0078125 0.013888888888888888
3 0.4596354166666667 0.9699074074074074 0.0078125 0.013888888888888888
3 0.5677083333333334 0.7893518518518519 0.0078125 0.018518518518518517
3 0.58984375 0.8078703703703703 0.005208333333333333 0.018518518518518517
3 0.470703125 0.4340277777777778 0.006510416666666667 0.011574074074074073
3 0.482421875 0.38425925925925924 0.006510416666666667 0.013888888888888888
3 0.4928385416666667 0.33796296296296297 0.006510416666666667 0.013888888888888888
3 0.6100260416666666 0.8784722222222222 0.006510416666666667 0.011574074074074073
3 0.634765625 0.8460648148148148 0.006510416666666667 0.011574074074074073
3 0.6243489583333334 0.8356481481481481 0.006510416666666667 0.013888888888888888
3 0.6100260416666666 0.8275462962962963 0.009114583333333334 0.016203703703703703
3 0.7115885416666666 0.9120370370370371 0.006510416666666667 0.013888888888888888
3 0.72265625 0.9224537037037037 0.005208333333333333 0.011574074074074073
3 0.7747395833333334 0.9664351851851852 0.0078125 0.011574074074074073
3 0.7897135416666666 0.9780092592592593 0.00390625 0.016203703703703703
3 0.7740885416666666 0.4027777777777778 0.006510416666666667 0.009259259259259259
3 0.7903645833333334 0.4236111111111111 0.005208333333333333 0.009259259259259259
3 0.8059895833333334 0.44212962962962965 0.005208333333333333 0.013888888888888888
3 0.822265625 0.46296296296296297 0.006510416666666667 0.009259259259259259
3 0.8346354166666666 0.48148148148148145 0.005208333333333333 0.013888888888888888
3 0.865234375 0.5173611111111112 0.006510416666666667 0.011574074074074073
3 0.8938802083333334 0.5532407407407407 0.006510416666666667 0.013888888888888888
3 0.787109375 0.3726851851851852 0.009114583333333334 0.013888888888888888
3 0.7962239583333334 0.3449074074074074 0.006510416666666667 0.013888888888888888
3 0.8079427083333334 0.3136574074074074 0.00390625 0.011574074074074073
3 0.984375 0.6979166666666666 0.005208333333333333 0.011574074074074073
3 0.9427083333333334 0.6493055555555556 0.005208333333333333 0.011574074074074073
3 0.931640625 0.6006944444444444 0.006510416666666667 0.011574074074074073
3 0.9055989583333334 0.5694444444444444 0.006510416666666667 0.013888888888888888
3 0.91796875 0.5879629629629629 0.005208333333333333 0.013888888888888888
3 0.888671875 0.33564814814814814 0.00390625 0.009259259259259259
3 0.9055989583333334 0.3472222222222222 0.009114583333333334 0.013888888888888888
3 0.9212239583333334 0.3611111111111111 0.006510416666666667 0.013888888888888888
0 0.94140625 0.2037037037037037 0.028645833333333332 0.041666666666666664
2 0.4563802083333333 0.21875 0.037760416666666664 0.034722222222222224
2 0.26953125 0.7256944444444444 0.0390625 0.03009259259259259
