3 0.068359375 0.4652777777777778 0.01171875 0.018518518518518517
3 0.037760416666666664 0.5648148148148148 0.010416666666666666 0.023148148148148147
3 0.009765625 0.6608796296296297 0.009114583333333334 0.020833333333333332
3 0.07942708333333333 0.2523148148148148 0.0078125 0.023148148148148147
3 0.12174479166666667 0.18287037037037038 0.009114583333333334 0.013888888888888888
3 0.115234375 0.24189814814814814 0.006510416666666667 0.011574074074074073
3 0.016927083333333332 0.48726851851851855 0.0078125 0.016203703703703703
3 0.08072916666666667 0.4131944444444444 0.0078125 0.016203703703703703
3 0.09700520833333333 0.3576388888888889 0.009114583333333334 0.016203703703703703
3 0.020182291666666668 0.6145833333333334 0.006510416666666667 0.016203703703703703
3 0.05078125 0.5162037037037037 0.010416666666666666 0.013888888888888888
