3 0.2884114583333333 0.7685185185185185 0.01171875 0.018518518518518517
3 0.3092447916666667 0.8125 0.01171875 0.018518518518518517
3 0.328125 0.8495370370370371 0.013020833333333334 0.013888888888888888
3 0.4934895833333333 0.7615740740740741 0.010416666666666666 0.018518518518518517
3 0.4498697916666667 0.7650462962962963 0.01171875 0.016203703703703703
3 0.4095052083333333 0.7650462962962963 0.01171875 0.016203703703703703
3 0.55078125 0.8159722222222222 0.013020833333333334 0.016203703703703703
3 0.5397135416666666 0.7696759259259259 0.01171875 0.016203703703703703
3 0.861328125 0.7592592592592593 0.01171875 0.018518518518518517
3 0.9596354166666666 0.7303240740740741 0.010416666666666666 0.016203703703703703
3 0.8411458333333334 0.8425925925925926 0.010416666666666666 0.018518518518518517
3 0.8587239583333334 0.8182870370370371 0.014322916666666666 0.016203703703703703
3 0.8424479166666666 0.7627314814814815 0.010416666666666666 0.020833333333333332
3 0.6998697916666666 0.8564814814814815 0.01171875 0.018518518518518517
3 0.634765625 0.7604166666666666 0.014322916666666666 0.020833333333333332
3 0.5846354166666666 0.7615740740740741 0.013020833333333334 0.023148148148148147
3 0.6946614583333334 0.8171296296296297 0.009114583333333334 0.018518518518518517
3 0.6881510416666666 0.7673611111111112 0.009114583333333334 0.016203703703703703
3 0.7252604166666666 0.7569444444444444 0.013020833333333334 0.018518518518518517
3 0.671875 0.07175925925925926 0.0078125 0.018518518518518517
3 0.73046875 0.05324074074074074 0.0078125 0.013888888888888888
3 0.7024739583333334 0.061342592592592594 0.009114583333333334 0.016203703703703703
3 0.7578125 0.041666666666666664 0.010416666666666666 0.018518518518518517
3 0.7884114583333334 0.03125 0.009114583333333334 0.016203703703703703
3 0.8190104166666666 0.02199074074074074 0.010416666666666666 0.016203703703703703
3 0.8502604166666666 0.011574074074074073 0.0078125 0.018518518518518517
3 0.8600260416666666 0.8587962962962963 0.01171875 0.013888888888888888
3 0.859375 0.8900462962962963 0.013020833333333334 0.016203703703703703
