2 0.5196770833333333 0.4351851851851852 0.04745312500000007 0.024694444444444408
3 0.7219322916666666 0.29114814814814816 0.007520833333333362 0.01028703703703705
3 0.72540625 0.2618333333333333 0.007520833333333362 0.01131481481481484
3 0.7317708333333334 0.21707407407407406 0.007520833333333362 0.01028703703703705
3 0.742765625 0.2669722222222222 0.007520833333333362 0.01131481481481484
0 0.026333333333333334 0.33025 0.008682291666666668 0.028805555555555567
3 0.5115729166666667 0.03498148148148148 0.0057864583333332815 0.01234259259259259
3 0.7285885416666668 0.11574074074074074 0.009260416666666771 0.017490740740740727
3 0.7743072916666667 0.08899074074074075 0.010416666666666666 0.015435185185185173
3 0.7832760416666668 0.04937962962962963 0.007520833333333362 0.01234259259259259
3 0.7392916666666667 0.16975 0.007520833333333362 0.01028703703703705
3 0.7592604166666667 0.1615185185185185 0.008104166666666638 0.012342592592592579
3 0.9409739583333334 0.1399166666666667 0.008104166666666638 0.014407407407407409
3 0.8836822916666667 0.12808333333333335 0.008104166666666638 0.01131481481481484
3 0.8819427083333333 0.047324074074074074 0.0069427083333332956 0.01234259259259259
3 0.9950833333333333 0.04937962962962963 0.005208333333333333 0.010287037037037037
3 0.7994791666666666 0.3168703703703704 0.005208333333333333 0.01028703703703705
3 0.8101875 0.25565740740740744 0.0057864583333333995 0.01131481481481484
3 0.8313072916666666 0.1445462962962963 0.007520833333333362 0.01131481481481484
3 0.8408541666666667 0.10750925925925926 0.0057864583333333995 0.011314814814814814
3 0.8524322916666667 0.06892592592592592 0.0069427083333332956 0.012342592592592605
3 0.991609375 0.20833333333333334 0.006364583333333229 0.013370370370370368
3 0.9589114583333332 0.20010185185185186 0.008104166666666638 0.01131481481481484
3 0.9253489583333334 0.19547222222222224 0.008104166666666638 0.012342592592592579
3 0.8909166666666667 0.19033333333333333 0.006364583333333229 0.01028703703703705
3 0.86053125 0.1841574074074074 0.0057864583333333995 0.01028703703703705
3 0.844328125 0.17232407407407407 0.0069427083333332956 0.01131481481481484
3 0.8541666666666666 0.12448148148148148 0.0069427083333332956 0.01028703703703705
3 0.8258125 0.2644074074074074 0.0069427083333332956 0.01028703703703705
3 0.8171302083333334 0.3215 0.0069427083333332956 0.01131481481481484
3 0.8434583333333333 0.3312777777777777 0.005208333333333333 0.01028703703703705
3 0.8723958333333334 0.34001851851851855 0.007520833333333362 0.01131481481481484
3 0.899015625 0.34774074074074074 0.006364583333333229 0.01234259259259263
3 0.9270833333333334 0.35750925925925925 0.0069427083333332956 0.01131481481481484
3 0.9774322916666667 0.3415648148148148 0.0069427083333332956 0.01028703703703705
3 0.8049791666666667 0.28600925925925924 0.004630208333333267 0.01028703703703705
3 0.8657395833333333 0.3065833333333333 0.0069427083333332956 0.01234259259259263
3 0.8935208333333333 0.31533333333333335 0.0057864583333333995 0.013370370370370421
3 0.921875 0.32407407407407407 0.0069427083333332956 0.01234259259259263
3 0.8674791666666667 0.21450925925925926 0.008104166666666638 0.009259259259259259
3 0.9004635416666668 0.22016666666666668 0.0057864583333333995 0.01028703703703705
3 0.9351875 0.22685185185185186 0.0069427083333332956 0.01131481481481484
3 0.9710625 0.2345648148148148 0.0069427083333332956 0.01028703703703705
3 0.9710625 0.14814814814814814 0.009260416666666771 0.014407407407407409
3 0.9126145833333333 0.13323148148148148 0.008104166666666638 0.0154351851851852
