2 0.07747395833333333 0.12152777777777778 0.04296875 0.09490740740740741
2 0.13020833333333334 0.7280092592592593 0.0390625 0.05324074074074074
3 0.9446614583333334 0.8125 0.014322916666666666 0.023148148148148147
3 0.3984375 0.36342592592592593 0.015625 0.023148148148148147
3 0.3307291666666667 0.5740740740740741 0.015625 0.018518518518518517
3 0.24934895833333334 0.7071759259259259 0.01171875 0.016203703703703703
3 0.255859375 0.6805555555555556 0.009114583333333334 0.018518518518518517
3 0.28515625 0.7118055555555556 0.0078125 0.016203703703703703
3 0.4140625 0.1574074074074074 0.010416666666666666 0.023148148148148147
3 0.37890625 0.12268518518518519 0.010416666666666666 0.018518518518518517
3 0.3111979166666667 0.041666666666666664 0.013020833333333334 0.023148148148148147
3 0.2786458333333333 0.006944444444444444 0.013020833333333334 0.013888888888888888
3 0.3600260416666667 0.4722222222222222 0.009114583333333334 0.018518518518518517
3 0.3444010416666667 0.5219907407407407 0.006510416666666667 0.016203703703703703
3 0.3782552083333333 0.41898148148148145 0.009114583333333334 0.013888888888888888
