3 0.6998697916666666 0.8831018518518519 0.006510416666666667 0.016203703703703703
3 0.6888020833333334 0.9074074074074074 0.0078125 0.013888888888888888
3 0.48046875 0.3993055555555556 0.010416666666666666 0.016203703703703703
3 0.4348958333333333 0.36226851851851855 0.0078125 0.020833333333333332
3 0.5345052083333334 0.47685185185185186 0.009114583333333334 0.018518518518518517
3 0.2548385416666667 0.041666666666666664 0.005208333333333333 0.011907407407407406
3 0.23326041666666666 0.04894444444444444 0.008182291666666685 0.013231481481481474
3 0.220984375 0.09457407407407407 0.007442708333333314 0.014546296296296304
3 0.2421875 0.08928703703703704 0.006697916666666674 0.014546296296296304
3 0.228421875 0.13425925925925927 0.007442708333333314 0.014546296296296278
3 0.20796354166666667 0.14153703703703704 0.005208333333333333 0.0132314814814815
3 0.21614583333333334 0.18121296296296296 0.005208333333333333 0.0132314814814815
3 0.1953125 0.18783333333333335 0.005208333333333333 0.0132314814814815
3 0.203125 0.22552777777777777 0.005953124999999974 0.01190740740740742
3 0.19084895833333335 0.27116666666666667 0.006697916666666674 0.015870370370370358
3 0.17150520833333335 0.2751296296296296 0.008182291666666685 0.015870370370370358
3 0.15922395833333333 0.3181203703703704 0.007442708333333314 0.01454629629629633
3 0.14918229166666666 0.359787037037037 0.008182291666666685 0.015870370370370358
3 0.16852604166666665 0.35582407407407407 0.008182291666666685 0.018518518518518517
3 0.17931770833333335 0.31415740740740744 0.005953124999999974 0.009259259259259259
3 0.138765625 0.39947222222222223 0.006697916666666674 0.013231481481481448
3 0.115328125 0.4947129629629629 0.0059531250000000036 0.013231481481481448
3 0.07663541666666666 0.6243425925925925 0.0059531250000000036 0.01587037037037046
3 0.09635416666666667 0.16666666666666666 0.006697916666666674 0.0132314814814815
3 0.09226041666666666 0.10846296296296297 0.007442708333333344 0.013231481481481474
3 0.08928645833333333 0.05026851851851852 0.007442708333333344 0.01587037037037037
3 0.10081770833333333 0.22287962962962965 0.008182291666666655 0.014546296296296278
3 0.103796875 0.2777777777777778 0.006697916666666674 0.015870370370370358
3 0.10900520833333333 0.31283333333333335 0.006697916666666674 0.01190740740740742
3 0.111609375 0.3604537037037037 0.0059531250000000036 0.01190740740740742
3 0.11607291666666668 0.4074074074074074 0.008927083333333327 0.015870370370370358
