3 0.1875 0.6400462962962963 0.013020833333333334 0.020833333333333332
3 0.14973958333333334 0.8113425925925926 0.013020833333333334 0.020833333333333332
3 0.12369791666666667 0.9224537037037037 0.0078125 0.011574074074074073
3 0.73828125 0.20023148148148148 0.015625 0.03009259259259259
3 0.80078125 0.028935185185185185 0.018229166666666668 0.03009259259259259
3 0.228515625 0.4479166666666667 0.01171875 0.02546296296296296
3 0.18489583333333334 0.48032407407407407 0.010416666666666666 0.016203703703703703
3 0.15690104166666666 0.4513888888888889 0.009114583333333334 0.013888888888888888
3 0.10221354166666667 0.3900462962962963 0.006510416666666667 0.020833333333333332
3 0.049479166666666664 0.3287037037037037 0.010416666666666666 0.018518518518518517
3 0.095703125 0.9189814814814815 0.009114583333333334 0.018518518518518517
3 0.10221354166666667 0.8969907407407407 0.006510416666666667 0.016203703703703703
3 0.17252604166666666 0.6863425925925926 0.006510416666666667 0.011574074074074073
3 0.1640625 0.7303240740740741 0.010416666666666666 0.011574074074074073
3 0.15494791666666666 0.7719907407407407 0.005208333333333333 0.016203703703703703
3 0.20377604166666666 0.5486111111111112 0.009114583333333334 0.013888888888888888
3 0.19401041666666666 0.5949074074074074 0.0078125 0.018518518518518517
