3 0.970703125 0.22916666666666666 0.014322916666666666 0.023148148148148147
3 0.4869791666666667 0.5694444444444444 0.010416666666666666 0.018518518518518517
3 0.5494791666666666 0.41203703703703703 0.010416666666666666 0.018518518518518517
3 0.556640625 0.017361111111111112 0.01171875 0.016203703703703703
3 0.5559895833333334 0.08449074074074074 0.010416666666666666 0.020833333333333332
3 0.5546875 0.15046296296296297 0.010416666666666666 0.023148148148148147
3 0.607421875 0.2465277777777778 0.009114583333333334 0.020833333333333332
3 0.625 0.19560185185185186 0.010416666666666666 0.020833333333333332
3 0.6432291666666666 0.1412037037037037 0.010416666666666666 0.018518518518518517
3 0.6627604166666666 0.08796296296296297 0.010416666666666666 0.023148148148148147
3 0.6822916666666666 0.034722222222222224 0.013020833333333334 0.018518518518518517
3 0.689453125 0.08101851851851852 0.01171875 0.018518518518518517
3 0.6692708333333334 0.13541666666666666 0.010416666666666666 0.020833333333333332
3 0.6321614583333334 0.24074074074074073 0.01171875 0.018518518518518517
3 0.5885416666666666 0.2962962962962963 0.013020833333333334 0.018518518518518517
3 0.5631510416666666 0.42939814814814814 0.009114583333333334 0.020833333333333332
3 0.583984375 0.3715277777777778 0.009114583333333334 0.020833333333333332
3 0.5579427083333334 0.2523148148148148 0.01171875 0.018518518518518517
3 0.5579427083333334 0.19328703703703703 0.01171875 0.016203703703703703
3 0.5579427083333334 0.30671296296296297 0.009114583333333334 0.016203703703703703
3 0.7102864583333334 0.024305555555555556 0.009114583333333334 0.016203703703703703
3 0.2630208333333333 0.4085648148148148 0.0078125 0.011574074074074073
3 0.259765625 0.3541666666666667 0.006510416666666667 0.013888888888888888
3 0.2570677083333333 0.29762037037037037 0.006697916666666674 0.013231481481481448
3 0.2552083333333333 0.25991666666666663 0.007442708333333314 0.01719444444444449
3 0.2526041666666667 0.20436111111111113 0.008182291666666685 0.01719444444444444
3 0.24963020833333335 0.14417592592592593 0.006697916666666674 0.015870370370370358
3 0.4769322916666667 0.6018518518518519 0.005953125000000033 0.013231481481481448
3 0.49925520833333337 0.5992037037037037 0.007442708333333314 0.013231481481481448
3 0.24739583333333334 0.08333333333333333 0.005208333333333333 0.015870370370370358
3 0.244421875 0.026453703703703705 0.005208333333333333 0.010583333333333327
3 0.228125 0.6537037037037037 0.008333333333333333 0.014814814814814815
3 0.008854166666666666 0.47962962962962963 0.009375 0.018518518518518517
3 0.004166666666666667 0.43796296296296294 0.008333333333333333 0.016666666666666666
3 0.07083333333333333 0.412962962962963 0.00625 0.011111111111111112
3 0.1046875 0.4009259259259259 0.007291666666666667 0.012962962962962963
3 0.0609375 0.47314814814814815 0.005208333333333333 0.016666666666666666
3 0.13645833333333332 0.4462962962962963 0.004166666666666667 0.014814814814814815
