3 0.9720052083333334 0.9259259259259259 0.014322916666666666 0.023148148148148147
3 0.8665364583333334 0.48726851851851855 0.016927083333333332 0.034722222222222224
3 0.279296875 0.02662037037037037 0.014322916666666666 0.02546296296296296
3 0.24348958333333334 0.21875 0.0078125 0.016203703703703703
3 0.20638020833333334 0.22800925925925927 0.01171875 0.020833333333333332
3 0.21223958333333334 0.1909722222222222 0.010416666666666666 0.020833333333333332
3 0.119140625 0.7951388888888888 0.01171875 0.020833333333333332
3 0.087890625 0.7696759259259259 0.009114583333333334 0.020833333333333332
3 0.060546875 0.7418981481481481 0.01171875 0.016203703703703703
3 0.030598958333333332 0.7164351851851852 0.009114583333333334 0.016203703703703703
3 0.005859375 0.6898148148148148 0.01171875 0.018518518518518517
3 0.12565104166666666 0.9629629629629629 0.006510416666666667 0.013888888888888888
3 0.13151041666666666 0.9259259259259259 0.0078125 0.018518518518518517
2 0.11197916666666667 0.29050925925925924 0.06510416666666667 0.0625
