2 0.22005208333333334 0.8275462962962963 0.059895833333333336 0.09953703703703703
3 0.4046875 0.43333333333333335 0.0038177083333332954 0.006175925925925888
3 0.409203125 0.5348796296296295 0.0038177083333332954 0.00678703703703697
3 0.49618229166666666 0.5447500000000001 0.004166666666666667 0.00678703703703697
3 0.49114583333333334 0.4 0.004515625000000038 0.007407407407407408
3 0.5840260416666666 0.5428981481481482 0.004166666666666667 0.00678703703703697
3 0.5796875 0.37623148148148144 0.004515625000000038 0.00802777777777774
3 0.6720364583333333 0.36169444444444443 0.0029322916666667236 0.006944444444444444
3 0.7662760416666666 0.519962962962963 0.00390625 0.0063703703703704715
3 0.7672552083333334 0.35156481481481483 0.0032552083333333335 0.0063703703703703665
3 0.852703125 0.34750925925925924 0.00358333333333339 0.0063703703703703665
3 0.844078125 0.6113981481481481 0.007161458333333333 0.008685185185185287
3 0.8497708333333333 0.5017407407407407 0.00358333333333339 0.005787037037037037
3 0.679359375 0.36024074074074075 0.006510416666666667 0.010999999999999996
3 0.5908177083333332 0.5405092592592593 0.005208333333333333 0.010416666666666666
3 0.6728489583333332 0.5335648148148148 0.0032552083333333335 0.006944444444444444
3 0.7763645833333332 0.3958333333333333 0.007161458333333333 0.010416666666666666
3 0.7682291666666666 0.3967037037037037 0.0032552083333333335 0.0063703703703703665
3 0.6155572916666666 0.41030555555555553 0.005859375 0.006944444444444444
3 0.6080729166666666 0.411462962962963 0.0032552083333333335 0.005787037037037037
3 0.609046875 0.4707777777777778 0.00390625 0.007527777777777774
3 0.767578125 0.45717592592592593 0.0032552083333333335 0.006944444444444444
3 0.7584635416666666 0.6443888888888889 0.005859375 0.011000000000000102
3 0.7517916666666667 0.6490185185185186 0.0029322916666667236 0.0063703703703704715
3 0.837078125 0.6145833333333334 0.0029322916666667236 0.004629629629629629
3 0.9614947916666666 0.40938888888888886 0.005578125000000019 0.013231481481481448
3 0.9445677083333333 0.47188888888888886 0.005208333333333333 0.012564814814814756
3 0.9376874999999999 0.4765185185185185 0.003348958333333248 0.007277777777777685
3 0.9680052083333333 0.4179907407407408 0.0029739583333333523 0.00793518518518523
3 0.9419635416666666 0.3511944444444445 0.0037187499999999335 0.00793518518518523
3 0.9272708333333333 0.5853148148148148 0.005578125000000019 0.009259259259259259
3 0.9203854166666667 0.5889537037037037 0.0029739583333333523 0.007277777777777685
3 0.8245885416666667 0.7166018518518518 0.007067708333333419 0.0099166666666667
3 0.8175208333333334 0.717925925925926 0.003348958333333248 0.005953703703703762
3 0.7529739583333334 0.71925 0.006697916666666733 0.011240740740740834
3 0.8833697916666666 0.7245370370370371 0.004838541666666648 0.007277777777777685
3 0.8761145833333334 0.7285092592592592 0.0037187499999999335 0.005953703703703762
3 0.959078125 0.6957685185185185 0.004463541666666752 0.006611111111111204
3 0.7466510416666666 0.717925925925926 0.002234374999999981 0.004629629629629629
