2 0.47581770833333337 0.21494444444444444 0.024552083333333384 0.062166666666666655
2 0.5796145833333333 0.20172222222222225 0.16964062500000002 0.051583333333333314
2 0.07886979166666667 0.4470925925925926 0.056546874999999996 0.052907407407407396
2 0.07142708333333332 0.5595277777777777 0.026786458333333336 0.021166666666666573
3 0.119421875 0.5767222222222222 0.008182291666666655 0.013231481481481448
3 0.146578125 0.6011944444444444 0.005953124999999974 0.01454629629629633
3 0.216890625 0.6104537037037037 0.008182291666666685 0.017194444444444384
3 0.24925520833333334 0.5939166666666666 0.005953124999999974 0.01587037037037046
2 0.24181770833333333 0.5390185185185185 0.09375 0.030425925925925832
3 0.4765625 0.8974907407407408 0.009671874999999967 0.01454629629629633
3 0.51153125 0.7632314814814815 0.008182291666666685 0.013231481481481448
3 0.5513385416666666 0.7685185185185185 0.008927083333333268 0.018518518518518517
3 0.591515625 0.7724907407407408 0.010416666666666666 0.01587037037037046
3 0.5063229166666666 0.9563518518518518 0.008182291666666685 0.015870370370370254
3 0.5859375 0.9689166666666668 0.009671875000000085 0.01454629629629633
3 0.619421875 0.9179907407407407 0.009671875000000085 0.013231481481481448
2 0.7760416666666666 0.33025 0.1475677083333333 0.10493518518518523
