2 0.26785937499999996 0.47883333333333333 0.04464062500000002 0.02380555555555559
3 0.45126562499999995 0.17725000000000002 0.009671874999999967 0.015870370370370358
3 0.48995312500000004 0.15079629629629632 0.008182291666666685 0.0132314814814815
3 0.5048385416666666 0.04034259259259259 0.006697916666666614 0.011907407407407406
3 0.5126510416666666 0.004629629629629629 0.007442708333333314 0.009259259259259259
3 0.4936770833333333 0.11441666666666667 0.006697916666666614 0.014546296296296278
3 0.46689062499999995 0.22883333333333333 0.006697916666666614 0.01058333333333334
3 0.4847447916666667 0.22089814814814815 0.008182291666666685 0.01058333333333334
3 0.4620520833333333 0.3148148148148148 0.005953125000000033 0.013231481481481448
3 0.4654010416666667 0.27249074074074076 0.006697916666666614 0.010583333333333287
3 0.46279687500000005 0.34391666666666665 0.005953125000000033 0.013231481481481448
3 0.5773802083333333 0.05489814814814815 0.008927083333333268 0.01454629629629629
3 0.560265625 0.1322777777777778 0.005953124999999915 0.01058333333333334
3 0.5535729166666666 0.16931481481481483 0.007442708333333314 0.0132314814814815
3 0.548734375 0.20700925925925925 0.006697916666666733 0.01190740740740742
3 0.595609375 0.19113888888888889 0.005208333333333333 0.01190740740740742
3 0.5636145833333334 0.2321388888888889 0.006697916666666733 0.014546296296296278
3 0.579984375 0.244712962962963 0.006697916666666733 0.013231481481481448
3 0.5851927083333333 0.11309259259259259 0.005208333333333333 0.009259259259259259
3 0.6097447916666667 0.25 0.006697916666666733 0.013231481481481448
3 0.6517864583333334 0.20237962962962963 0.008927083333333268 0.0132314814814815
3 0.642484375 0.25528703703703703 0.005208333333333333 0.013231481481481448
3 0.6744791666666666 0.25860185185185186 0.006697916666666733 0.009259259259259259
3 0.6793177083333333 0.20767592592592593 0.005953124999999915 0.0132314814814815
3 0.6499270833333333 0.04299074074074074 0.005208333333333333 0.01454629629629629
3 0.693453125 0.11508333333333333 0.005953124999999915 0.01058333333333334
3 0.7139114583333334 0.15212037037037035 0.006697916666666733 0.01058333333333334
3 0.8158489583333334 0.09457407407407407 0.006697916666666733 0.011907407407407394
3 0.8333333333333334 0.04364814814814815 0.007442708333333314 0.018518518518518517
3 0.7314010416666666 0.2956388888888889 0.007442708333333314 0.01190740740740742
3 0.7310260416666666 0.32804629629629634 0.005208333333333333 0.010583333333333287
3 0.736234375 0.3630925925925926 0.006697916666666733 0.009259259259259259
3 0.9583333333333334 0.03836111111111111 0.008927083333333268 0.01587037037037037
3 0.8984375 0.016537037037037038 0.008182291666666685 0.014546296296296297
3 0.8675572916666667 0.005953703703703703 0.008927083333333268 0.011907407407407406
3 0.537203125 0.36971296296296297 0.005953124999999915 0.009259259259259259
3 0.5539427083333333 0.3723518518518518 0.006697916666666733 0.01454629629629633
3 0.556546875 0.3194444444444444 0.008927083333333268 0.01190740740740742
3 0.541296875 0.3101851851851852 0.006697916666666733 0.01190740740740742
3 0.5907760416666666 0.27182407407407405 0.007442708333333314 0.01190740740740742
3 0.622765625 0.2804259259259259 0.007442708333333314 0.010583333333333287
3 0.6551354166666666 0.28571296296296295 0.006697916666666733 0.010583333333333287
3 0.6901041666666666 0.2929907407407408 0.008182291666666685 0.01190740740740742
