2 0.15104166666666666 0.8009259259259259 0.0234375 0.0787037037037037
2 0.3658854166666667 0.8657407407407407 0.036458333333333336 0.05555555555555555
2 0.4322916666666667 0.7465277777777778 0.041666666666666664 0.09027777777777778
2 0.501953125 0.5497685185185185 0.06380208333333333 0.13194444444444445
2 0.5651041666666666 0.36226851851851855 0.033854166666666664 0.10416666666666667
2 0.640625 0.1400462962962963 0.11979166666666667 0.2800925925925926
3 0.205078125 0.22569444444444445 0.014322916666666666 0.020833333333333332
3 0.19986979166666666 0.17939814814814814 0.014322916666666666 0.020833333333333332
3 0.2565104166666667 0.21296296296296297 0.0078125 0.013888888888888888
3 0.25 0.15046296296296297 0.010416666666666666 0.018518518518518517
3 0.193359375 0.1284722222222222 0.01171875 0.020833333333333332
