2 0.466796875 0.6383148148148148 0.022135416666666668 0.14699074074074073
2 0.6790364583333334 0.8680555555555556 0.05859375 0.041666666666666664
3 0.7215416666666666 0.4242685185185185 0.004093750000000066 0.005953703703703657
3 0.7198645833333334 0.5291018518518518 0.0037187499999999335 0.006611111111111204
3 0.8072916666666666 0.5403425925925927 0.004463541666666752 0.006611111111111204
3 0.8111979166666666 0.39219444444444446 0.004093750000000066 0.006611111111111099
3 0.9015989583333333 0.3707037037037037 0.004093750000000066 0.00727777777777779
3 0.89453125 0.5390185185185185 0.004093750000000066 0.006611111111111204
3 0.9817708333333334 0.5310833333333334 0.004463541666666752 0.006611111111111204
3 0.9920000000000001 0.3581388888888889 0.004093750000000066 0.00727777777777779
3 0.9014427083333333 0.5381018518518518 0.00560937499999999 0.012111111111111043
3 0.9188697916666667 0.40526851851851853 0.005208333333333333 0.007120370370370421
3 0.908453125 0.4658148148148148 0.0028020833333333903 0.004277777777777782
3 0.9110572916666667 0.40705555555555556 0.0032031250000000475 0.0064074074074073695
3 0.997796875 0.35683333333333334 0.004406250000000019 0.011398148148148098
