3 0.2734375 0.04513888888888889 0.006510416666666667 0.009259259259259259
3 0.30761979166666664 0.024305555555555556 0.007161458333333333 0.011574074074074073
3 0.3515625 0.056712962962962965 0.006510416666666667 0.011574074074074073
3 0.3430989583333333 0.08217592592592593 0.006510416666666667 0.009259259259259259
3 0.2721354166666667 0.0763888888888889 0.006510416666666667 0.009259259259259259
3 0.24674479166666666 0.08275925925925925 0.0078125 0.010416666666666666
3 0.22038020833333333 0.09201851851851851 0.007161458333333333 0.010416666666666666
3 0.21191666666666667 0.11169444444444444 0.005859375 0.010416666666666666
3 0.19466145833333334 0.09664814814814815 0.006510416666666667 0.010416666666666666
3 0.18587499999999998 0.11863888888888889 0.005859375 0.010416666666666666
3 0.17024999999999998 0.11748148148148148 0.005859375 0.010416666666666666
3 0.09114583333333333 0.10012037037037036 0.0078125 0.01273148148148148
3 0.012697916666666666 0.1209537037037037 0.007161458333333333 0.01273148148148148
3 0.032552083333333336 0.11689814814814815 0.006510416666666667 0.009259259259259259
3 0.052083333333333336 0.11226851851851852 0.006510416666666667 0.009259259259259259
3 0.15722916666666667 0.08101851851851852 0.008463541666666666 0.011574074074074073
3 0.11165625 0.09490740740740741 0.007161458333333333 0.013888888888888888
3 0.203125 0.06655555555555555 0.0078125 0.01273148148148148
3 0.22591145833333334 0.05961111111111111 0.006510416666666667 0.01273148148148148
3 0.24967708333333333 0.05266666666666667 0.007161458333333333 0.01273148148148148
3 0.2890625 0.09490740740740741 0.006510416666666667 0.011574074074074073
3 0.264 0.10012037037037036 0.008463541666666666 0.01273148148148148
3 0.23860937499999998 0.10590740740740741 0.007161458333333333 0.010416666666666666
3 0.3932291666666667 0.12442592592592593 0.006510416666666667 0.01273148148148148
3 0.402671875 0.17766666666666667 0.008463541666666666 0.01273148148148148
3 0.347984375 0.19791666666666666 0.007161458333333333 0.011574074074074073
3 0.333984375 0.2025462962962963 0.006510416666666667 0.011574074074074073
3 0.3063177083333333 0.18576851851851853 0.008463541666666666 0.010416666666666666
3 0.3258489583333333 0.1550925925925926 0.007161458333333333 0.011574074074074073
3 0.332359375 0.11689814814814815 0.007161458333333333 0.011574074074074073
3 0.30696875 0.16435185185185186 0.008463541666666666 0.011574074074074073
3 0.2897135416666667 0.21701851851851853 0.0078125 0.010416666666666666
3 0.2867864583333333 0.19502777777777777 0.007161458333333333 0.010416666666666666
3 0.265625 0.2013888888888889 0.006510416666666667 0.011574074074074073
3 0.24544270833333334 0.20833333333333334 0.006510416666666667 0.011574074074074073
3 0.22558854166666667 0.2147037037037037 0.005859375 0.01273148148148148
3 0.24577083333333333 0.2349537037037037 0.007161458333333333 0.013888888888888888
3 0.267578125 0.22627777777777777 0.006510416666666667 0.01273148148148148
3 0.1796875 0.19849999999999998 0.006510416666666667 0.01273148148148148
3 0.13183854166666667 0.23148148148148148 0.007161458333333333 0.009259259259259259
3 0.13183854166666667 0.255212962962963 0.005859375 0.01273148148148148
3 0.142578125 0.27199074074074076 0.006510416666666667 0.009259259259259259
3 0.11588541666666667 0.2534722222222222 0.006510416666666667 0.009259259259259259
3 0.1015625 0.21933333333333332 0.0078125 0.010416666666666666
3 0.08333333333333333 0.22396296296296295 0.006510416666666667 0.01273148148148148
3 0.06640625 0.22800925925925927 0.006510416666666667 0.011574074074074073
3 0.049479166666666664 0.23148148148148148 0.006510416666666667 0.011574074074074073
3 0.031578125 0.2349537037037037 0.007161458333333333 0.011574074074074073
3 0.015625 0.24016666666666667 0.0078125 0.010416666666666666
3 0.18392187499999998 0.2569444444444444 0.007161458333333333 0.011574074074074073
3 0.16243749999999998 0.26331481481481483 0.005859375 0.01273148148148148
3 0.13704687499999998 0.21180555555555555 0.005859375 0.009259259259259259
3 0.11946875 0.21586111111111111 0.007161458333333333 0.010416666666666666
3 0.11848958333333333 0.23958333333333334 0.006510416666666667 0.009259259259259259
3 0.19824479166666667 0.19271296296296295 0.005859375 0.01273148148148148
3 0.20345312499999998 0.2494259259259259 0.005859375 0.010416666666666666
3 0.21940104166666666 0.1875 0.006510416666666667 0.011574074074074073
3 0.17806249999999998 0.1701388888888889 0.007161458333333333 0.011574074074074073
3 0.19303645833333333 0.14178703703703704 0.004557291666666667 0.01273148148148148
3 0.26269791666666664 0.17592592592592593 0.007161458333333333 0.013888888888888888
3 0.2848333333333333 0.1695648148148148 0.007161458333333333 0.01273148148148148
3 0.3815104166666667 0.06424074074074074 0.0078125 0.01273148148148148
3 0.3743489583333333 0.034722222222222224 0.0078125 0.013888888888888888
3 0.3665364583333333 0.005787037037037037 0.0078125 0.011574074074074073
3 0.4075520833333333 0.017944444444444443 0.0078125 0.01273148148148148
3 0.39160416666666664 0.026046296296296293 0.007161458333333333 0.01273148148148148
3 0.3990885416666667 0.06887037037037036 0.006510416666666667 0.01273148148148148
3 0.23697916666666666 0.7471111111111111 0.0078125 0.010416666666666666
3 0.193359375 0.7447962962962963 0.006510416666666667 0.01273148148148148
3 0.14322916666666666 0.7598425925925926 0.0078125 0.01273148148148148
3 0.16178645833333333 0.8055555555555556 0.008463541666666666 0.013888888888888888
3 0.18033854166666666 0.8391203703703703 0.009114583333333334 0.013888888888888888
3 0.19596354166666666 0.8657407407407407 0.0078125 0.013888888888888888
3 0.08105729166666667 0.8304444444444444 0.007161458333333333 0.01273148148148148
3 0.06152604166666666 0.7986111111111112 0.008463541666666666 0.011574074074074073
3 0.061197916666666664 0.7534722222222222 0.006510416666666667 0.011574074074074073
3 0.041015625 0.7581018518518519 0.0078125 0.013888888888888888
3 0.006510416666666667 0.7494259259259259 0.0078125 0.01273148148148148
3 0.13248958333333333 0.761 0.005859375 0.010416666666666666
3 0.16145833333333334 0.8258148148148148 0.0078125 0.010416666666666666
3 0.146484375 0.7916666666666666 0.0078125 0.011574074074074073
3 0.17741145833333333 0.8530092592592593 0.007161458333333333 0.009259259259259259
2 0.6002604166666666 0.9322962962962964 0.0234375 0.04513888888888889
3 0.9075520833333334 0.2957222222222222 0.005208333333333333 0.010416666666666666
3 0.9970729166666668 0.3090277777777778 0.004557291666666667 0.009259259259259259
