2 0.4775104166666667 0.37962962962962965 0.009942708333333291 0.01347222222222218
2 0.367421875 0.4057222222222222 0.04545312499999999 0.03535185185185181
3 0.3186822916666667 0.4758888888888889 0.0023854166666666286 0.0042407407407406734
3 0.27983854166666666 0.47241666666666665 0.0028229166666667044 0.00501851851851848
3 0.28309375 0.4369166666666667 0.0023854166666666286 0.004240740740740778
3 0.2749583333333333 0.41087962962962965 0.002171875000000038 0.003861111111111073
3 0.2708333333333333 0.3983425925925926 0.002171875000000038 0.004240740740740778
3 0.2669270833333333 0.38580555555555557 0.0026041666666666665 0.004629629629629629
3 0.2591145833333333 0.36477777777777776 0.0021718749999999785 0.003472222222222222
3 0.25596874999999997 0.3568703703703704 0.002385416666666688 0.004629629629629629
3 0.25271354166666665 0.35050000000000003 0.002385416666666688 0.004240740740740778
3 0.2503229166666667 0.342787037037037 0.001953125 0.003472222222222222
3 0.2475052083333333 0.33835185185185185 0.002385416666666688 0.003861111111111073
3 0.77365625 0.02237962962962963 0.00390625 0.006175925925925928
2 0.7972447916666667 0.4695740740740741 0.04984895833333335 0.07142592592592602
2 0.8385416666666666 0.38360185185185186 0.01785937499999998 0.07407407407407407
