0 0.6940104166666666 0.3923611111111111 0.0234375 0.020833333333333332
3 0.052734375 0.9456018518518519 0.01171875 0.020833333333333332
3 0.5475260416666666 0.8275462962962963 0.01171875 0.020833333333333332
3 0.5579427083333334 0.9421296296296297 0.014322916666666666 0.018518518518518517
3 0.3203125 0.5196759259259259 0.013020833333333334 0.016203703703703703
3 0.2897135416666667 0.5335648148148148 0.009114583333333334 0.016203703703703703
3 0.26171875 0.5486111111111112 0.013020833333333334 0.013888888888888888
3 0.23177083333333334 0.5625 0.0078125 0.013888888888888888
3 0.20377604166666666 0.5798611111111112 0.01171875 0.016203703703703703
3 0.17578125 0.5914351851851852 0.010416666666666666 0.020833333333333332
3 0.14908854166666666 0.6076388888888888 0.006510416666666667 0.011574074074074073
3 0.3802083333333333 0.48726851851851855 0.0078125 0.011574074074074073
3 0.4075520833333333 0.4756944444444444 0.010416666666666666 0.011574074074074073
3 0.49609375 0.42592592592592593 0.013020833333333334 0.023148148148148147
3 0.5240885416666666 0.41203703703703703 0.009114583333333334 0.013888888888888888
3 0.59375 0.3726851851851852 0.013020833333333334 0.023148148148148147
3 0.6282552083333334 0.3541666666666667 0.01171875 0.013888888888888888
3 0.6627604166666666 0.3368055555555556 0.010416666666666666 0.020833333333333332
3 0.7018229166666666 0.31712962962962965 0.010416666666666666 0.023148148148148147
3 0.73828125 0.2974537037037037 0.013020833333333334 0.016203703703703703
3 0.9375 0.19212962962962962 0.0078125 0.023148148148148147
3 0.8776041666666666 0.26851851851851855 0.0078125 0.018518518518518517
3 0.654296875 0.38310185185185186 0.009114583333333334 0.016203703703703703
3 0.6178385416666666 0.4027777777777778 0.009114583333333334 0.013888888888888888
3 0.5188802083333334 0.4513888888888889 0.014322916666666666 0.018518518518518517
3 0.4537760416666667 0.48726851851851855 0.009114583333333334 0.011574074074074073
3 0.4283854166666667 0.5023148148148148 0.010416666666666666 0.013888888888888888
3 0.40234375 0.5115740740740741 0.0078125 0.018518518518518517
3 0.3776041666666667 0.5254629629629629 0.0078125 0.013888888888888888
3 0.3763020833333333 0.39351851851851855 0.0078125 0.018518518518518517
3 0.3645833333333333 0.30092592592592593 0.0078125 0.013888888888888888
3 0.365234375 0.24421296296296297 0.01171875 0.011574074074074073
3 0.357421875 0.1875 0.009114583333333334 0.009259259259259259
3 0.3502604166666667 0.13310185185185186 0.0078125 0.011574074074074073
3 0.341796875 0.09027777777777778 0.009114583333333334 0.023148148148148147
3 0.33203125 0.02199074074074074 0.010416666666666666 0.020833333333333332
3 0.2552083333333333 0.5891203703703703 0.0078125 0.020833333333333332
3 0.22526041666666666 0.6030092592592593 0.005208333333333333 0.011574074074074073
3 0.16927083333333334 0.6296296296296297 0.005208333333333333 0.013888888888888888
3 0.2845052083333333 0.5717592592592593 0.006510416666666667 0.009259259259259259
3 0.3138020833333333 0.5543981481481481 0.005208333333333333 0.011574074074074073
3 0.056921875000000004 0.08598148148148148 0.005208333333333333 0.01058333333333334
3 0.05096875 0.12830555555555556 0.005208333333333333 0.01058333333333334
3 0.044270833333333336 0.18716666666666665 0.005208333333333333 0.01190740740740742
3 0.037203125000000004 0.23941666666666667 0.004463541666666663 0.010583333333333287
3 0.032364583333333335 0.2910092592592593 0.005208333333333333 0.013231481481481448
3 0.49144270833333337 0.46693518518518523 0.008182291666666685 0.013231481481481448
3 0.8559010416666666 0.23302777777777778 0.013890625000000038 0.021601851851851837
3 0.8168385416666666 0.2530833333333333 0.01215104166666663 0.018518518518518517
3 0.7769114583333334 0.2777777777777778 0.008682291666666704 0.018518518518518517
