2 0.638671875 0.8553240740740741 0.040364583333333336 0.0625
2 0.7063802083333334 0.7592592592592593 0.040364583333333336 0.07407407407407407
2 0.80859375 0.5300925925925926 0.08333333333333333 0.1527777777777778
2 0.8893229166666666 0.3414351851851852 0.041666666666666664 0.08564814814814815
2 0.955078125 0.1712962962962963 0.08984375 0.2037037037037037
3 0.5247395833333334 0.24768518518518517 0.010416666666666666 0.018518518518518517
3 0.5221354166666666 0.20023148148148148 0.010416666666666666 0.020833333333333332
3 0.5188802083333334 0.14814814814814814 0.009114583333333334 0.023148148148148147
3 0.5755208333333334 0.16550925925925927 0.010416666666666666 0.016203703703703703
3 0.5768229166666666 0.22685185185185186 0.0078125 0.018518518518518517
2 0.4303385416666667 0.7881944444444444 0.029947916666666668 0.0625
