3 0.078125 0.6287037037037037 0.004166666666666667 0.007407407407407408
3 0.17213541666666668 0.6175925925925926 0.0036458333333333334 0.007407407407407408
3 0.17994791666666668 0.6166666666666667 0.0067708333333333336 0.012962962962962963
3 0.13776041666666666 0.6601851851851852 0.0067708333333333336 0.009259259259259259
3 0.12994791666666666 0.6615740740740741 0.0046875 0.006481481481481481
3 0.13333333333333333 0.7189814814814814 0.005208333333333333 0.006481481481481481
3 0.09479166666666666 0.7921296296296296 0.007291666666666667 0.012037037037037037
3 0.08671875 0.7939814814814815 0.0046875 0.004629629629629629
3 0.17838541666666666 0.7837962962962963 0.0046875 0.008333333333333333
3 0.2674479166666667 0.611574074074074 0.0046875 0.006481481481481481
3 0.290625 0.6518518518518519 0.008333333333333333 0.009259259259259259
3 0.2825520833333333 0.6509259259259259 0.0046875 0.005555555555555556
3 0.284375 0.7092592592592593 0.004166666666666667 0.007407407407407408
3 0.27239583333333334 0.7712962962962963 0.005208333333333333 0.007407407407407408
3 0.35572916666666665 0.7527777777777778 0.004166666666666667 0.007407407407407408
3 0.4401041666666667 0.7287037037037037 0.004166666666666667 0.007407407407407408
3 0.4473958333333333 0.725 0.007291666666666667 0.012962962962962963
3 0.4635416666666667 0.6657407407407407 0.00625 0.012962962962962963
3 0.46953125 0.6759259259259259 0.0036458333333333334 0.005555555555555556
3 0.43802083333333336 0.6143518518518518 0.004166666666666667 0.008333333333333333
3 0.35208333333333336 0.6092592592592593 0.003125 0.007407407407407408
3 0.36015625 0.8583333333333333 0.0067708333333333336 0.011111111111111112
3 0.35260416666666666 0.861574074074074 0.004166666666666667 0.004629629629629629
3 0.27786458333333336 0.8907407407407407 0.0067708333333333336 0.012962962962962963
3 0.27057291666666666 0.8962962962962963 0.0046875 0.007407407407407408
3 0.28463541666666664 0.9629629629629629 0.0067708333333333336 0.009259259259259259
3 0.27760416666666665 0.9629629629629629 0.003125 0.007407407407407408
3 0.35859375 0.9606481481481481 0.0078125 0.010185185185185186
3 0.35182291666666665 0.9606481481481481 0.0036458333333333334 0.006481481481481481
3 0.4328125 0.8347222222222223 0.003125 0.010185185185185186
3 0.4393229166666667 0.8319444444444445 0.005729166666666666 0.012037037037037037
3 0.42239583333333336 0.9643518518518519 0.007291666666666667 0.010185185185185186
3 0.415625 0.9680555555555556 0.003125 0.008333333333333333
3 0.49270833333333336 0.9351851851851852 0.005208333333333333 0.009259259259259259
3 0.5203125 0.6685185185185185 0.003125 0.007407407407407408
3 0.5127604166666667 0.8152777777777778 0.0046875 0.008333333333333333
3 0.5885416666666666 0.8004629629629629 0.003125 0.006481481481481481
3 0.5947916666666667 0.7972222222222223 0.004166666666666667 0.009259259259259259
3 0.6380208333333334 0.8513888888888889 0.005208333333333333 0.012037037037037037
3 0.6684895833333333 0.7921296296296296 0.0046875 0.010185185185185186
3 0.6625 0.7925925925925926 0.004166666666666667 0.005555555555555556
3 0.6885416666666667 0.8652777777777778 0.005208333333333333 0.008333333333333333
3 0.7325520833333333 0.8439814814814814 0.0046875 0.010185185185185186
