3 0.8020833333333334 0.7858796296296297 0.018229166666666668 0.03009259259259259
3 0.791015625 0.6435185185185185 0.016927083333333332 0.023148148148148147
3 0.8990885416666666 0.008101851851851851 0.01171875 0.016203703703703703
3 0.8860677083333334 0.07060185185185185 0.009114583333333334 0.020833333333333332
3 0.853515625 0.03819444444444445 0.01171875 0.020833333333333332
3 0.7669270833333334 0.09837962962962964 0.013020833333333334 0.02546296296296296
3 0.73046875 0.12384259259259259 0.010416666666666666 0.02546296296296296
3 0.6158854166666666 0.20601851851851852 0.010416666666666666 0.018518518518518517
3 0.5852864583333334 0.22800925925925927 0.01171875 0.020833333333333332
3 0.509765625 0.2789351851851852 0.009114583333333334 0.02546296296296296
3 0.4368489583333333 0.3287037037037037 0.009114583333333334 0.023148148148148147
3 0.4296875 0.3784722222222222 0.0078125 0.020833333333333332
3 0.4029947916666667 0.3541666666666667 0.009114583333333334 0.018518518518518517
3 0.3020833333333333 0.4224537037037037 0.010416666666666666 0.016203703703703703
3 0.3333333333333333 0.3993055555555556 0.0078125 0.016203703703703703
3 0.3671875 0.3784722222222222 0.0078125 0.020833333333333332
3 0.13216145833333334 0.5381944444444444 0.009114583333333334 0.016203703703703703
3 0.111328125 0.5543981481481481 0.01171875 0.020833333333333332
3 0.050130208333333336 0.5266203703703703 0.009114583333333334 0.016203703703703703
3 0.0625 0.44675925925925924 0.010416666666666666 0.009259259259259259
3 0.9309895833333334 0.041666666666666664 0.013020833333333334 0.023148148148148147
3 0.8430989583333334 0.09722222222222222 0.014322916666666666 0.023148148148148147
3 0.7571614583333334 0.15856481481481483 0.01171875 0.016203703703703703
3 0.67578125 0.21296296296296297 0.010416666666666666 0.018518518518518517
3 0.642578125 0.23726851851851852 0.009114583333333334 0.016203703703703703
3 0.6087239583333334 0.26157407407407407 0.009114583333333334 0.013888888888888888
3 0.5787760416666666 0.2777777777777778 0.009114583333333334 0.018518518518518517
3 0.7220052083333334 0.18171296296296297 0.01171875 0.020833333333333332
3 0.5 0.3298611111111111 0.010416666666666666 0.020833333333333332
3 0.4654947916666667 0.35648148148148145 0.009114583333333334 0.018518518518518517
3 0.3958333333333333 0.40625 0.013020833333333334 0.020833333333333332
3 0.3274739583333333 0.45023148148148145 0.009114583333333334 0.016203703703703703
3 0.10416666666666667 0.5995370370370371 0.010416666666666666 0.018518518518518517
3 0.12955729166666666 0.5844907407407407 0.01171875 0.011574074074074073
3 0.4733072916666667 0.30439814814814814 0.009114583333333334 0.020833333333333332
3 0.154296875 0.8969907407407407 0.009114583333333334 0.020833333333333332
3 0.154296875 0.9606481481481481 0.009114583333333334 0.023148148148148147
3 0.21809895833333334 0.8842592592592593 0.009114583333333334 0.018518518518518517
