0 0.06901041666666667 0.01273148148148148 0.0625 0.020833333333333332
3 0.07068229166666667 0.5132314814814815 0.007442708333333344 0.01587037037037046
3 0.1328125 0.5542314814814815 0.006697916666666674 0.013231481481481448
3 0.14508854166666665 0.626324074074074 0.007442708333333314 0.01454629629629633
3 0.068078125 0.6779074074074074 0.009671874999999996 0.01454629629629633
3 0.03571354166666666 0.6375648148148149 0.007442708333333329 0.013231481481481448
3 0.023067708333333332 0.5694444444444444 0.008927083333333334 0.01454629629629633
3 0.6830364583333334 0.5694444444444444 0.008927083333333268 0.017194444444444384
3 0.591515625 0.619712962962963 0.008927083333333268 0.011907407407407315
3 0.5554322916666667 0.5826759259259259 0.008182291666666685 0.01454629629629633
3 0.548734375 0.5006574074074075 0.009671875000000085 0.01454629629629633
3 0.6808020833333334 0.4861111111111111 0.008927083333333268 0.017194444444444384
3 0.6421145833333333 0.4431203703703704 0.010416666666666666 0.018518518518518517
