3 0.403125 0.17338267543859648 0.00625 0.009594298245614035
3 0.4703125 0.14734100877192982 0.004375 0.009594298245614035
3 0.4753125 0.03769188596491228 0.003125 0.006853070175438596
3 0.5365625 0.0918311403508772 0.003125 0.010964912280701754
3 0.5890625 0.012335526315789474 0.004375 0.010964912280701754
2 0.3690625 0.12266995614035088 0.069375 0.07538377192982457
3 0.278125 0.19942434210526316 0.00375 0.006853070175438596
3 0.3078125 0.09731359649122807 0.003125 0.008223684210526315
3 0.324375 0.14391447368421054 0.00375 0.008223684210526315
2 0.379375 0.23574561403508773 0.025 0.06030701754385965
3 0.2934375 0.2885142543859649 0.004375 0.009594298245614035
2 0.526875 0.4810855263157895 0.02625 0.052083333333333336
2 0.3034375 0.4057017543859649 0.003125 0.008223684210526315
2 0.39125 0.5187774122807017 0.00375 0.009594298245614035
2 0.6095 0.11732456140350878 0.018 0.06140350877192982
2 0.6785 0.4786184210526316 0.018 0.08881578947368421
2 0.6895 0.6529605263157895 0.053 0.0537280701754386
2 0.64325 0.680921052631579 0.0545 0.041666666666666664
2 0.783 0.6260964912280702 0.013 0.010964912280701754
3 0.78225 0.6913377192982456 0.0065 0.009868421052631578
3 0.77925 0.7774122807017544 0.0065 0.010964912280701754
2 0.7664275 0.9116557017543859 0.02428500000000008 0.02349780701754393
3 0.7039275 0.7945668859649122 0.003572499999999991 0.007050438596491298
2 0.571785 0.8854166666666666 0.05714249999999993 0.0712719298245614
2 0.47803500000000004 0.8728837719298246 0.0425 0.04621162280701752
2 0.40875 0.7712006578947369 0.035 0.06396381578947373
3 0.421875 0.7990679824561403 0.005417500000000018 0.008223684210526315
0 0.26729250000000004 0.5825109649122807 0.012917500000000018 0.03197916666666663
3 0.28104250000000003 0.653327850877193 0.00375 0.007308114035087679
