3 0.33125 0.05848135964912281 0.009167500000000018 0.014621710526315782
3 0.35208249999999996 0.09502741228070176 0.0075 0.014621710526315798
3 0.39041750000000003 0.1653892543859649 0.0075 0.01644736842105263
3 0.42375 0.18640350877192982 0.0075 0.018273026315789496
3 0.4566675 0.20833333333333334 0.008332499999999982 0.021929824561403508
3 0.4875 0.22934758771929822 0.011667500000000018 0.020104166666666645
3 0.5104175 0.23757127192982455 0.009167500000000018 0.014621710526315767
3 0.5379175 0.2540186403508772 0.009167500000000018 0.014621710526315767
3 0.5654175 0.272297149122807 0.009167500000000018 0.014621710526315767
3 0.5904175 0.2978782894736842 0.009167500000000018 0.018273026315789434
3 0.6395824999999999 0.3252905701754386 0.009167500000000018 0.014621710526315829
3 0.33791750000000004 0.12792214912280703 0.0075 0.014621710526315798
3 0.3408325 0.16081688596491228 0.008332499999999982 0.014621710526315767
3 0.345 0.21564144736842106 0.008332499999999982 0.010964912280701754
3 0.3645825 0.24488486842105264 0.0075 0.014621710526315767
3 0.35 0.2649835526315789 0.006667500000000018 0.014621710526315767
3 0.3533325 0.3106743421052631 0.008332499999999982 0.014621710526315829
3 0.37125 0.3389967105263158 0.0075 0.012790570175438557
3 0.3579175 0.35544407894736846 0.0075 0.009139254385964952
3 0.36166750000000003 0.39473684210526316 0.008332499999999982 0.014621710526315829
3 0.3745825 0.38194627192982455 0.0075 0.010964912280701754
3 0.72 0.16355811403508771 0.011667500000000018 0.020104166666666645
3 0.7304175 0.11239035087719298 0.0075 0.01644736842105263
3 0.7754175 0.010049342105263157 0.0075 0.01644736842105263
3 0.6670825 0.4504769736842105 0.0075 0.020104166666666708
3 0.6529175 0.5299725877192982 0.0075 0.014621710526315829
3 0.6591675 0.4915953947368421 0.005 0.014621710526315829
3 0.6395824999999999 0.6021546052631579 0.005832499999999982 0.01644736842105263
3 0.6329175 0.6350493421052631 0.0075 0.009139254385964952
3 0.6458325 0.5674342105263158 0.006667500000000018 0.012790570175438557
3 0.6670825 0.5546436403508772 0.0075 0.012790570175438557
3 0.6608324999999999 0.591189692982456 0.006667500000000018 0.012790570175438557
3 0.6845825 0.3645833333333333 0.005832499999999982 0.01644736842105263
3 0.6925 0.32346491228070173 0.006667500000000018 0.010964912280701754
3 0.7179175 0.3042763157894737 0.005832499999999982 0.01644736842105263
3 0.72625 0.2604166666666667 0.005832499999999982 0.01279057017543862
3 0.7391675 0.19645285087719297 0.006667500000000018 0.01644736842105263
3 0.7491675 0.14802631578947367 0.008332499999999982 0.018273026315789496
3 0.40375 0.5354550438596491 0.0075 0.010964912280701754
3 0.4166675 0.5573848684210527 0.006667500000000018 0.010964912280701754
3 0.4370825 0.5884484649122806 0.0075 0.007308114035087679
3 0.45333249999999997 0.6131195175438596 0.006667500000000018 0.012790570175438557
3 0.47 0.6387061403508771 0.006667500000000018 0.012790570175438557
3 0.5154175 0.7072368421052632 0.005832499999999982 0.010964912280701754
3 0.5579175000000001 0.7976973684210527 0.009167500000000018 0.01644736842105263
3 0.7170825 0.8854166666666666 0.009167500000000018 0.01644736842105263
3 0.795 0.8881578947368421 0.011667500000000018 0.014621710526315829
3 0.8120824999999999 0.9329331140350877 0.0075 0.012790570175438557
