0 0.18225 0.09320175438596491 0.0445 0.02631578947368421
3 0.233 0.26260964912280704 0.005 0.009868421052631578
3 0.2375 0.36348684210526316 0.007 0.01425438596491228
3 0.22675 0.47094298245614036 0.0055 0.01206140350877193
3 0.2165 0.18092105263157895 0.004 0.008771929824561403
2 0.326 0.5082236842105263 0.035 0.03399122807017544
2 0.385 0.41721491228070173 0.027 0.09758771929824561
2 0.2825 0.47478070175438597 0.015 0.017543859649122806
2 0.36275 0.28125 0.0265 0.07785087719298246
3 0.49275 0.694078947368421 0.0055 0.010964912280701754
3 0.50375 0.5619517543859649 0.0055 0.01206140350877193
3 0.47525 0.8152412280701754 0.0055 0.009868421052631578
3 0.60175 0.6321271929824561 0.0045 0.009868421052631578
3 0.61875 0.6655701754385965 0.0025 0.006578947368421052
3 0.588 0.8481359649122807 0.004 0.01206140350877193
3 0.5675 0.8601973684210527 0.003 0.009868421052631578
3 0.56425 0.8294956140350878 0.0035 0.007675438596491228
3 0.57375 0.7593201754385965 0.0045 0.009868421052631578
3 0.58175 0.6716008771929824 0.0045 0.009868421052631578
3 0.50825 0.46655701754385964 0.0055 0.01864035087719298
3 0.4935 0.2576754385964912 0.007 0.017543859649122806
3 0.6545 0.6617324561403509 0.004 0.01206140350877193
3 0.63275 0.6617324561403509 0.0035 0.009868421052631578
3 0.6255 0.6332236842105263 0.004 0.01206140350877193
0 0.78725 0.7894736842105263 0.0075 0.03070175438596491
0 0.80425 0.700109649122807 0.0115 0.025219298245614034
0 0.75025 0.8530701754385965 0.0055 0.010964912280701754
2 0.34775 0.46875 0.0345 0.01864035087719298
