3 0.060832500000000005 0.09502741228070176 0.008332499999999996 0.018273026315789465
3 0.0675 0.31524122807017546 0.01 0.02375548245614031
3 0.08458249999999999 0.4175822368421052 0.0075 0.012790570175438557
3 0.1125 0.558294956140351 0.005 0.012790570175438557
3 0.1416675 0.6825657894736842 0.008332499999999982 0.012790570175438557
3 0.2629175 0.6268256578947368 0.005832499999999982 0.014621710526315829
3 0.3195825 0.7163760964912281 0.009167500000000018 0.018273026315789434
3 0.36375 0.7465296052631579 0.005832499999999982 0.01644736842105263
3 0.4491675 0.8114035087719298 0.01 0.021929824561403508
3 0.3341675 0.9110032894736843 0.006667500000000018 0.01644736842105263
3 0.31833249999999996 0.9365844298245614 0.006667500000000018 0.012790570175438557
2 0.4425 0.8260252192982457 0.031667500000000015 0.051167763157894695
