2 0.04425 0.13651315789473684 0.0185 0.051535087719298246
2 0.22575 0.4753289473684211 0.0095 0.04276315789473684
2 0.2075 0.26973684210526316 0.011 0.05921052631578947
3 0.1071875 0.3519078947368421 0.003125 0.010279605263157895
3 0.08015749999999999 0.39850877192982453 0.0028125 0.010279605263157895
3 0.0928125 0.3635581140350877 0.0025 0.011650219298245614
3 0.1007825 0.34402412280701755 0.0028125 0.010964912280701754
3 0.110625 0.31353070175438597 0.0025 0.011650219298245614
3 0.0490625 0.43379934210526316 0.003125 0.009594298245614035
3 0.2165625 0.40878837719298244 0.003125 0.008908991228070175
2 0.2384375 0.562297149122807 0.045 0.06647478070175439
2 0.2634375 0.8295614035087718 0.040625 0.03632127192982456
