2 0.294375 0.36047149122807015 0.02875 0.0356359649122807
0 0.1534375 0.5626370614035088 0.013125 0.034265350877192985
3 0.0414275 0.43468201754385966 0.0028575000000000015 0.007834429824561383
3 0.055177500000000004 0.40726973684210527 0.0025 0.0062664473684210876
3 0.068215 0.3802467105263158 0.0021425000000000125 0.003914473684210581
3 0.080535 0.3520504385964912 0.0025 0.005482456140350877
3 0.093215 0.3246381578947368 0.0028574999999999877 0.007050438596491173
3 0.10553499999999999 0.2984046052631579 0.0032150000000000034 0.0062664473684210876
3 0.116785 0.2713815789473684 0.0021425000000000125 0.005482456140350877
3 0.12857249999999998 0.2455372807017544 0.002857500000000016 0.005482456140350877
3 0.139465 0.22125548245614035 0.003214999999999975 0.007050438596491236
3 0.228035 0.27099232456140354 0.003214999999999975 0.0046984649122807295
3 0.1885725 0.23417763157894736 0.0021424999999999843 0.0046984649122807295
3 0.173215 0.22008223684210526 0.002857500000000016 0.0046984649122807295
3 0.1925 0.20559210526315788 0.002857500000000016 0.007050438596491236
3 0.24785749999999998 0.25728618421052635 0.002857500000000016 0.003914473684210519
3 0.0935725 0.14411184210526318 0.0028574999999999877 0.0046984649122807295
3 0.2883925 0.3281633771929825 0.0032150000000000316 0.0062664473684210876
3 0.28714249999999997 0.23104714912280702 0.002857499999999959 0.006266447368421025
3 0.3991075 0.39708881578947364 0.0025 0.004698464912280667
3 0.41821499999999995 0.4150986842105263 0.001427500000000009 0.004698464912280667
3 0.43821499999999997 0.4675767543859649 0.002857499999999959 0.0062664473684210876
3 0.4673225 0.4597423245614035 0.0025 0.0031304824561403707
3 0.498035 0.4887225877192982 0.0025 0.004698464912280667
3 0.48910750000000003 0.5173081140350877 0.0025 0.003914473684210581
3 0.5210724999999999 0.5462883771929824 0.0028575000000000727 0.003914473684210581
3 0.4576775 0.4871546052631579 0.0025 0.0062664473684210876
3 0.518215 0.5090844298245615 0.0028575000000000727 0.004698464912280667
3 0.6839275 0.700186403508772 0.0028575000000000727 0.007834429824561383
3 0.6546425 0.6340076754385965 0.0028575000000000727 0.005482456140350877
3 0.6296425 0.6109046052631579 0.0028575000000000727 0.006266447368420963
3 0.643035 0.3779002192982456 0.0025 0.005482456140350877
3 0.6367849999999999 0.3876864035087719 0.0021424999999999274 0.0062664473684210876
3 0.6383925 0.40374451754385965 0.0025 0.005482456140350877
3 0.6275 0.45347587719298244 0.0021424999999999274 0.004698464912280667
3 0.6216075 0.46326754385964913 0.0025 0.007050438596491173
3 0.6226775 0.4781469298245614 0.0025 0.003914473684210581
3 0.618035 0.5032127192982456 0.0025 0.005482456140350877
3 0.611965 0.5118256578947369 0.0025 0.005482456140350877
3 0.613035 0.5290570175438597 0.0025 0.007050438596491173
3 0.6064275 0.5897532894736842 0.0028575000000000727 0.004698464912280791
3 0.55125 0.5380646929824561 0.0025 0.004698464912280667
3 0.5646425 0.5881907894736842 0.0028575000000000727 0.004698464912280791
3 0.645535 0.3410855263157895 0.003214999999999918 0.003914473684210581
3 0.6639275 0.4550438596491228 0.004285000000000082 0.0062664473684210876
3 0.6835725 0.5451151315789473 0.0021424999999999274 0.004698464912280667
3 0.6783925000000001 0.6551535087719298 0.003214999999999918 0.005482456140350877
3 0.7028574999999999 0.6778673245614035 0.0028575000000000727 0.007050438596491298
3 0.7091075 0.7256414473684211 0.003927500000000009 0.007050438596491298
3 0.6751775 0.5964144736842105 0.003214999999999918 0.007050438596491298
3 0.72875 0.7021436403508772 0.003214999999999918 0.005482456140350877
3 0.7483925 0.7636293859649123 0.003214999999999918 0.007834429824561383
3 0.5819650000000001 0.6825657894736842 0.0017850000000000819 0.007050438596491298
3 0.575535 0.7205537280701754 0.003214999999999918 0.006266447368420963
3 0.8651775 0.17074013157894738 0.003214999999999918 0.006266447368421025
3 0.8585725 0.261984649122807 0.0028575000000000727 0.005482456140350877
3 0.855715 0.37398026315789473 0.005 0.008612938596491248
0 0.87125 0.09594298245614036 0.0125 0.011748903508771934
3 0.7785725 0.10181469298245614 0.0028575000000000727 0.004698464912280698
3 0.714 0.009868421052631578 0.0025 0.0043859649122807015
3 0.794875 0.023026315789473683 0.00225 0.0043859649122807015
3 0.777625 0.047697368421052634 0.00275 0.0043859649122807015
3 0.77125 0.054276315789473686 0.0025 0.0043859649122807015
3 0.7685 0.07648026315789473 0.0025 0.003837719298245614
3 0.818375 0.0556469298245614 0.00225 0.003837719298245614
3 0.807625 0.048793859649122806 0.00175 0.003289473684210526
3 0.827875 0.06633771929824561 0.00225 0.003289473684210526
3 0.83775 0.11540570175438597 0.0025 0.003837719298245614
3 0.83125 0.12362938596491228 0.002 0.003837719298245614
3 0.822625 0.12719298245614036 0.00175 0.003289473684210526
3 0.822 0.1474780701754386 0.002 0.0043859649122807015
3 0.777 0.15789473684210525 0.0015 0.003289473684210526
3 0.7755 0.17132675438596492 0.0025 0.003837719298245614
3 0.7735 0.1855811403508772 0.002 0.003837719298245614
3 0.771375 0.20065789473684212 0.00175 0.0043859649122807015
3 0.767625 0.22861842105263158 0.00225 0.003289473684210526
3 0.78275 0.2393092105263158 0.002 0.003837719298245614
3 0.79775 0.25027412280701755 0.0025 0.004934210526315789
3 0.8125 0.2617872807017544 0.0025 0.004934210526315789
3 0.753375 0.21792763157894737 0.00175 0.003837719298245614
3 0.739375 0.20723684210526316 0.00225 0.0043859649122807015
3 0.725125 0.19709429824561403 0.00225 0.003837719298245614
3 0.711125 0.18722587719298245 0.00275 0.004934210526315789
3 0.697125 0.17763157894736842 0.00225 0.0043859649122807015
3 0.70025 0.08607456140350878 0.002 0.005482456140350877
0 0.73275 0.08607456140350878 0.0135 0.01206140350877193
3 0.710375 0.0268640350877193 0.00225 0.003289473684210526
3 0.7115 0.022478070175438597 0.0015 0.003289473684210526
3 0.70825 0.05674342105263158 0.002 0.003837719298245614
3 0.697125 0.10142543859649122 0.00175 0.003289473684210526
3 0.6925 0.10663377192982457 0.002 0.003837719298245614
3 0.6905 0.1337719298245614 0.002 0.0043859649122807015
3 0.68575 0.140625 0.0025 0.004934210526315789
3 0.687125 0.15104166666666666 0.00275 0.004934210526315789
3 0.683625 0.16858552631578946 0.00275 0.003837719298245614
3 0.67875 0.17516447368421054 0.0025 0.004934210526315789
3 0.680625 0.18612938596491227 0.00225 0.004934210526315789
3 0.67475 0.20422149122807018 0.003 0.003837719298245614
3 0.671125 0.21299342105263158 0.00275 0.003837719298245614
3 0.673 0.22423245614035087 0.0025 0.003289473684210526
3 0.6685 0.24424342105263158 0.002 0.004934210526315789
3 0.662875 0.25274122807017546 0.00275 0.005482456140350877
3 0.761125 0.28097587719298245 0.00175 0.004934210526315789
3 0.65625 0.3086622807017544 0.0025 0.0043859649122807015
3 0.65175 0.3314144736842105 0.002 0.004934210526315789
3 0.751375 0.3612938596491228 0.00375 0.0043859649122807015
3 0.767375 0.37198464912280704 0.00275 0.004934210526315789
3 0.74025 0.44051535087719296 0.0025 0.004934210526315789
3 0.698 0.47971491228070173 0.003 0.0043859649122807015
3 0.732125 0.5049561403508772 0.00225 0.006535087719298285
3 0.767625 0.5307456140350877 0.00225 0.0043859649122807015
3 0.7785 0.5063486842105264 0.0025 0.006030701754385965
3 0.68925 0.31199561403508774 0.002 0.0043859649122807015
3 0.816375 0.4067982456140351 0.00275 0.0043859649122807015
3 0.8035 0.5575657894736842 0.0025 0.0043859649122807015
3 0.755875 0.6636513157894737 0.00225 0.006030701754385965
2 0.8572925 0.5139802631578947 0.015417500000000018 0.053908991228070136
3 0.9847925000000001 0.4856524122807018 0.005417500000000018 0.01918859649122807
2 0.54 0.6871326754385965 0.014167500000000019 0.03106907894736846
2 0.43125 0.7104331140350877 0.0125 0.03197916666666663
2 0.50625 0.8283059210526316 0.01666750000000002 0.0356359649122807
