3 0.2375 0.6058114035087719 0.003572499999999991 0.005482456140350877
3 0.2535725 0.5623410087719298 0.002857500000000016 0.006266447368420963
3 0.2683925 0.5235745614035088 0.0032150000000000316 0.007050438596491173
3 0.2823225 0.48598135964912276 0.0032150000000000316 0.005482456140350877
3 0.296785 0.4511293859649123 0.002857499999999959 0.0062664473684210876
3 0.315 0.4013925438596491 0.002857499999999959 0.005482456140350877
3 0.30928500000000003 0.4174506578947368 0.002857499999999959 0.0062664473684210876
3 0.3485725 0.3168092105263158 0.002142500000000041 0.005482456140350877
3 0.35821499999999995 0.29174342105263157 0.002857499999999959 0.005482456140350877
3 0.3675 0.2678563596491228 0.002142500000000041 0.0046984649122807295
3 0.37660750000000004 0.24475328947368422 0.0025 0.003914473684210519
3 0.3846425 0.2232127192982456 0.002857499999999959 0.0046984649122807295
3 0.3926775 0.20246162280701754 0.0025 0.003914473684210519
3 0.400715 0.18209429824561402 0.002142500000000041 0.005482456140350877
3 0.415 0.14489583333333333 0.002142500000000041 0.0046984649122807295
3 0.4276775 0.11082236842105263 0.0025 0.003914473684210519
3 0.4339275 0.09437499999999999 0.002857499999999959 0.005482456140350877
3 0.3985725 0.15703399122807019 0.002857499999999959 0.007050438596491236
3 0.424285 0.15389802631578947 0.002857499999999959 0.005482456140350877
