2 0.19075 0.24671052631578946 0.0255 0.07675438596491228
3 0.2425 0.39473684210526316 0.005 0.013157894736842105
3 0.329 0.37719298245614036 0.006 0.008771929824561403
3 0.418 0.35855263157894735 0.006 0.010964912280701754
3 0.37325 0.36622807017543857 0.0055 0.010964912280701754
3 0.463 0.34923245614035087 0.005 0.009868421052631578
3 0.286 0.3854166666666667 0.006 0.01206140350877193
2 0.47525 0.32730263157894735 0.0255 0.05592105263157895
2 0.63525 0.837171052631579 0.0225 0.01425438596491228
2 0.3725 0.9791666666666666 0.064 0.041666666666666664
3 0.697 0.768640350877193 0.005 0.006578947368421052
3 0.72475 0.762609649122807 0.0045 0.007675438596491228
0 0.5695 0.24725877192982457 0.006 0.01206140350877193
2 0.3966675 0.25813048245614034 0.020832499999999983 0.07583881578947371
0 0.5308324999999999 0.3673245614035088 0.005832499999999982 0.03289473684210526
