2 0.4575 0.386968201754386 0.03 0.022845394736842144
2 0.4320825 0.48428179824561407 0.021667500000000017 0.08589364035087724
2 0.74 0.14574013157894736 0.0625 0.27868969298245616
2 0.666875 0.37052083333333335 0.05375 0.044775219298245655
2 0.9616675 0.6103782894736842 0.03 0.018273026315789434
2 0.5429700000000001 0.7634320175438597 0.0059375 0.027412280701754384
3 0.495 0.8484100877192983 0.001875 0.006853070175438596
3 0.4859375 0.8309375000000001 0.0025 0.007538377192982456
3 0.49078 0.8395010964912281 0.0021875 0.006853070175438596
3 0.4703125 0.8754824561403509 0.003125 0.007538377192982456
3 0.46125 0.7051809210526315 0.0025 0.008223684210526315
3 0.4546875 0.7051809210526315 0.0025 0.008223684210526315
3 0.4434375 0.6815405701754387 0.0025 0.007538377192982456
3 0.4396875 0.6609813596491229 0.0025 0.007538377192982456
2 0.51125 0.606842105263158 0.01 0.025356359649122806
2 0.48703250000000003 0.903234649122807 0.0015625 0.006853070175438596
2 0.47797 0.9166008771929826 0.0021875 0.006167763157894737
2 0.4684375 0.9008388157894738 0.0025 0.006167763157894737
2 0.4591675 0.5802247807017543 0.03333249999999998 0.06030701754385965
