0 0.58425 0.6041666666666666 0.0185 0.017543859649122806
3 0.53575 0.2730263157894737 0.0135 0.021929824561403508
0 0.38625 0.8327850877192983 0.0355 0.01425438596491228
3 0.3255 0.8009868421052632 0.008 0.009868421052631578
3 0.3215 0.680921052631579 0.007 0.008771929824561403
3 0.3225 0.7033991228070176 0.006 0.009868421052631578
3 0.2225 0.6578947368421053 0.008 0.010964912280701754
2 0.16775 0.6365131578947368 0.0105 0.01425438596491228
2 0.19425 0.6502192982456141 0.0085 0.015350877192982455
3 0.3175 0.5334429824561403 0.006 0.009868421052631578
2 0.57 0.6228070175438597 0.025 0.02412280701754386
