3 0.024375 0.2850877192982456 0.00625 0.013706140350877192
3 0.09 0.25493421052631576 0.0025 0.007308114035087742
3 0.2539575 0.19006030701754387 0.002917500000000018 0.010964912280701754
3 0.0420825 0.27320723684210524 0.0025 0.007308114035087742
2 0.0189575 0.28006030701754386 0.030417499999999997 0.04842653508771932
0 0.036875 0.3106743421052631 0.005417500000000004 0.027412280701754384
2 0.03958250000000001 0.3650383771929825 0.014167500000000005 0.04111842105263158
2 0.32375 0.23208881578947368 0.013332499999999982 0.06030701754385965
3 0.35472250000000005 0.14985197368421052 0.002222499999999968 0.007308114035087742
2 0.41125 0.20402412280701754 0.0175 0.10416666666666667
2 0.4026775 0.13941337719298244 0.02035749999999996 0.021929824561403508
2 0.3683325 0.14894188596491229 0.015 0.021929824561403508
