3 0.10291750000000001 0.8602905701754386 0.0033325000000000104 0.008223684210526315
3 0.1091675 0.8420120614035087 0.0033325000000000104 0.006398026315789514
3 0.1147925 0.8209978070175439 0.00375 0.008223684210526315
2 0.20625 0.8644024122807018 0.010832499999999981 0.020104166666666708
2 0.1535425 0.9320175438596491 0.014582499999999983 0.025586622807017585
3 0.2291675 0.8872423245614035 0.0033324999999999817 0.009139254385964952
3 0.12729250000000003 0.5487006578947369 0.00375 0.010049342105263119
3 0.51625 0.7108936403508772 0.005 0.009139254385964952
3 0.6702075 0.741047149122807 0.00375 0.007308114035087679
2 0.12145749999999998 0.31889802631578945 0.04625 0.08954495614035084
2 0.16 0.25310855263157894 0.014167500000000019 0.0310690789473684
2 0.196875 0.17817982456140352 0.02375 0.04751644736842103
2 0.250625 0.08817434210526316 0.017082499999999983 0.03381030701754387
2 0.5394450000000001 0.20345942982456142 0.04666750000000002 0.014621710526315767
