3 0.315 0.012790570175438595 0.004167500000000018 0.010964912280701754
3 0.2866675 0.02055921052631579 0.0033324999999999817 0.010049342105263157
3 0.26083249999999997 0.02649671052631579 0.004167500000000018 0.010964912280701754
3 0.238125 0.03381030701754386 0.002917500000000018 0.009139254385964905
3 0.2158325 0.04020285087719298 0.0033324999999999817 0.007308114035087726
3 0.195625 0.04568530701754386 0.002917500000000018 0.010964912280701754
2 0.124375 0.9247094298245614 0.03791750000000002 0.10234100877192986
0 0.2004175 0.9228782894736842 0.006667500000000018 0.021929824561403508
3 0.051875 0.6218037280701755 0.002917500000000004 0.008223684210526315
2 0.6440625 0.45778508771929827 0.033125 0.052083333333333336
0 0.6678125 0.11444627192982457 0.008125 0.04797149122807018
2 0.268125 0.9523026315789473 0.07375 0.09539473684210527
