0 0.12475 0.23793859649122806 0.0065 0.008771929824561403
2 0.205 0.18640350877192982 0.026 0.041666666666666664
2 0.12775 0.23355263157894737 0.0285 0.039473684210526314
3 0.21175 0.18092105263157895 0.0045 0.010964912280701754
3 0.275 0.14035087719298245 0.004 0.010964912280701754
2 0.19325 0.34978070175438597 0.0175 0.02850877192982456
2 0.1045825 0.2768640350877193 0.03583250000000001 0.0712719298245614
0 0.4829175 0.40844298245614036 0.009167500000000018 0.014621710526315829
0 0.4595825 0.29605263157894735 0.02583249999999998 0.012790570175438557
3 0.7395825 0.41209978070175435 0.004167500000000018 0.005482456140350877
3 0.775625 0.41163925438596494 0.00375 0.006398026315789514
3 0.794375 0.41118421052631576 0.00375 0.005482456140350877
3 0.730625 0.38377192982456143 0.00375 0.007308114035087679
3 0.7041675000000001 0.4134703947368421 0.004167500000000018 0.004566885964912241
3 0.6575 0.3732620614035088 0.004167500000000018 0.006398026315789514
3 0.4225 0.055509868421052634 0.00375 0.012335526315789474
