0 0.23708249999999997 0.5244901315789473 0.0425 0.036551535087719335
3 0.7420825 0.48885416666666665 0.009167500000000018 0.020104166666666708
3 0.65625 0.5491611842105263 0.010832499999999981 0.01644736842105263
3 0.6241675 0.5674342105263158 0.013332499999999982 0.01644736842105263
3 0.5475 0.6176918859649123 0.011667500000000018 0.014621710526315829
3 0.5125 0.6396217105263158 0.011667500000000018 0.018273026315789434
3 0.7891675 0.4559594298245614 0.008332499999999982 0.009139254385964952
3 0.8366675 0.42489035087719296 0.01 0.012790570175438557
3 0.7183324999999999 0.12335526315789473 0.011667500000000018 0.01644736842105263
3 0.6666675 0.05756578947368421 0.01 0.020104166666666676
3 0.8033325 0.6350493421052631 0.008332499999999982 0.012790570175438557
3 0.775 0.6167763157894737 0.008332499999999982 0.012790570175438557
3 0.74625 0.5985032894736843 0.0075 0.01644736842105263
3 0.7145825 0.5793146929824562 0.0075 0.014621710526315829
3 0.68375 0.5619517543859649 0.010832499999999981 0.020104166666666708
3 0.5825 0.7730263157894737 0.008332499999999982 0.014621710526315829
3 0.44875 0.7108936403508772 0.0075 0.018273026315789434
3 0.4775 0.6661184210526315 0.008332499999999982 0.01644736842105263
3 0.4441675 0.6889638157894737 0.008332499999999982 0.010964912280701754
3 0.4233325 0.7017543859649122 0.01 0.010964912280701754
3 0.7575 0.4449945175438596 0.006667500000000018 0.01644736842105263
3 0.7120825 0.4733168859649123 0.0075 0.018273026315789434
3 0.6704175 0.5034703947368421 0.005832499999999982 0.01644736842105263
3 0.64375 0.5235745614035088 0.005832499999999982 0.012790570175438557
3 0.5975 0.5509868421052632 0.006667500000000018 0.01644736842105263
3 0.5570825 0.5783991228070176 0.0075 0.012790570175438557
3 0.51625 0.6067269736842106 0.009167500000000018 0.018273026315789434
3 0.44375 0.6578947368421053 0.0075 0.014621710526315829
3 0.3816675 0.7017543859649122 0.006667500000000018 0.010964912280701754
3 0.35375 0.7172861842105263 0.004167500000000018 0.01644736842105263
3 0.40791750000000004 0.6834813596491228 0.0075 0.010964912280701754
3 0.51625 0.7437883771929825 0.005832499999999982 0.010964912280701754
3 0.6129175 0.7885581140350877 0.0075 0.012790570175438557
3 0.7670825 0.18183662280701754 0.0075 0.01279057017543862
3 0.5895825 0.5043859649122807 0.005832499999999982 0.010964912280701754
3 0.515 0.46144188596491226 0.005 0.012790570175438557
3 0.4275 0.3883388157894737 0.006667500000000018 0.012790570175438557
3 0.9395825 0.36001644736842103 0.0075 0.010964912280701754
3 0.9879175 0.32346491228070173 0.005832499999999982 0.010964912280701754
3 0.9066675000000001 0.34631030701754384 0.005 0.012790570175438557
3 0.95625 0.3106743421052631 0.0075 0.010964912280701754
3 0.855 0.2695559210526316 0.005 0.01644736842105263
