3 0.39828250000000004 0.12678179824561403 0.0034375 0.005482456140350877
3 0.3721875 0.12849780701754385 0.003125 0.004797149122807018
3 0.3884375 0.1175328947368421 0.001875 0.004797149122807018
3 0.3740625 0.15591008771929823 0.001875 0.004797149122807018
3 0.3665625 0.17578399122807017 0.001875 0.006167763157894737
3 0.3582825 0.19702850877192982 0.0021875 0.004797149122807018
3 0.35 0.2196436403508772 0.001875 0.003426535087719298
3 0.34125 0.24225877192982456 0.0025 0.004797149122807018
3 0.3315625 0.2669298245614035 0.0025 0.004797149122807018
3 0.32203250000000005 0.29160087719298244 0.0021875 0.004797149122807018
3 0.2890625 0.3782894736842105 0.0025 0.004111842105263158
3 0.28390750000000003 0.3940515350877193 0.0021875 0.005482456140350877
3 0.27109500000000003 0.4274122807017544 0.0021875 0.006167763157894737
3 0.25734500000000005 0.46236293859649125 0.0028125 0.004797149122807018
3 0.243125 0.4999342105263158 0.003125 0.006167763157894737
3 0.229375 0.5396820175438597 0.003125 0.004797149122807018
3 0.2126575 0.582171052631579 0.0028125 0.006167763157894737
3 0.40140750000000003 0.08258223684210526 0.0021875 0.003426535087719298
3 0.4076575 0.06578947368421052 0.0021875 0.004111842105263158
