2 0.424375 0.46463815789473684 0.06125 0.2987938596491228
2 0.4475 0.6811951754385965 0.045 0.12335526315789473
2 0.476875 0.48930921052631576 0.015 0.06304824561403509
2 0.49825 0.30153508771929827 0.0475 0.1118421052631579
3 0.41375 0.8601973684210527 0.0045 0.01206140350877193
3 0.41775 0.8985745614035088 0.0045 0.01644736842105263
3 0.43325 0.9435307017543859 0.0045 0.01644736842105263
3 0.44175 0.9435307017543859 0.0035 0.01425438596491228
3 0.45525 0.912828947368421 0.0035 0.01206140350877193
2 0.525 0.7788541666666667 0.010625 0.02261513157894737
2 0.55375 0.859375 0.00875 0.05071271929824561
2 0.7482825000000001 0.7802247807017545 0.0490625 0.07195723684210527
2 0.6434375 0.8045504385964912 0.058125 0.01644736842105263
3 0.5339075 0.4173519736842105 0.0046875 0.010964912280701754
2 0.9159375 0.7997532894736842 0.0375 0.06030701754385965
0 0.42125 0.04797149122807018 0.015 0.02055921052631579
2 0.49765499999999996 0.5482456140350878 0.0271875 0.06030701754385965
2 0.9496875 0.30838815789473684 0.054375 0.1069078947368421
