2 0.40575 0.15460526315789475 0.1155 0.20175438596491227
2 0.37275 0.13651315789473684 0.0205 0.04057017543859649
2 0.34775 0.18092105263157895 0.0225 0.05701754385964912
2 0.4275 0.06469298245614036 0.01 0.021929824561403508
2 0.40475 0.10087719298245613 0.0155 0.03070175438596491
2 0.26025 0.512609649122807 0.0145 0.03399122807017544
3 0.52075 0.7116228070175439 0.0125 0.03070175438596491
3 0.4565 0.9682017543859649 0.004 0.010964912280701754
3 0.47175 0.9956140350877193 0.0035 0.006578947368421052
3 0.48875 0.993421052631579 0.0035 0.008771929824561403
3 0.50575 0.987390350877193 0.0045 0.007675438596491228
3 0.52175 0.9846491228070176 0.0035 0.010964912280701754
3 0.45525 0.9972587719298246 0.0045 0.005482456140350877
3 0.43675 0.9967105263157895 0.0045 0.0043859649122807015
3 0.36 0.9830043859649122 0.005 0.01206140350877193
3 0.31725 0.9676535087719298 0.0055 0.009868421052631578
3 0.46475 0.8536184210526315 0.0035 0.009868421052631578
3 0.45275 0.8777412280701754 0.0035 0.009868421052631578
3 0.4675 0.8064692982456141 0.004 0.01206140350877193
3 0.48425 0.7839912280701754 0.0045 0.010964912280701754
3 0.45125 0.7845394736842105 0.0045 0.01206140350877193
3 0.43475 0.7839912280701754 0.0055 0.010964912280701754
3 0.62575 0.7955043859649122 0.0035 0.009868421052631578
3 0.6215 0.7768640350877193 0.004 0.01206140350877193
3 0.64575 0.8985745614035088 0.0035 0.009868421052631578
3 0.6215 0.9216008771929824 0.005 0.01206140350877193
3 0.6085 0.9320175438596491 0.004 0.008771929824561403
3 0.5955 0.944078947368421 0.004 0.008771929824561403
3 0.606 0.9067982456140351 0.003 0.008771929824561403
3 0.62825 0.8881578947368421 0.0045 0.013157894736842105
3 0.639 0.7050438596491229 0.003 0.008771929824561403
0 0.6715 0.8700657894736842 0.003 0.027412280701754384
3 0.45475 0.37006578947368424 0.0045 0.01425438596491228
3 0.50625 0.2741228070175439 0.0045 0.008771929824561403
3 0.461 0.24671052631578946 0.002 0.008771929824561403
3 0.46175 0.19894736842105262 0.0045 0.009742324561403498
3 0.485 0.38967653508771927 0.005 0.009868421052631578
2 0.7255 0.14857456140350878 0.01 0.10416666666666667
3 0.472 0.07291666666666667 0.005 0.01206140350877193
3 0.43425 0.007675438596491228 0.0035 0.008771929824561403
3 0.4535 0.014802631578947368 0.003 0.005482456140350877
