3 0.64225 0.18695175438596492 0.0075 0.01206140350877193
3 0.663 0.18013157894736842 0.007 0.012538377192982458
3 0.66675 0.28570723684210525 0.0085 0.013157894736842105
3 0.6425 0.1491940789473684 0.008 0.01425438596491228
3 0.6625 0.14425986842105262 0.01 0.015350877192982455
3 0.682 0.1371326754385965 0.008 0.01425438596491228
3 0.24475 0.4303728070175439 0.0045 0.01206140350877193
3 0.25675 0.4928728070175439 0.0045 0.01425438596491228
3 0.251 0.49122807017543857 0.003 0.013157894736842105
2 0.017 0.12390350877192982 0.034 0.039473684210526314
2 0.8791074999999999 0.02075657894736842 0.010357500000000073 0.03837719298245614
2 0.9575 0.050515350877192985 0.018572499999999992 0.027412280701754384
3 0.9514275 0.07792763157894736 0.006427500000000009 0.010180921052631575
3 0.9341075 0.06226425438596491 0.005357500000000073 0.008612938596491232
2 0.7266075 0.41431469298245616 0.01821499999999992 0.03759320175438593
3 0.5064275 0.7123300438596492 0.003572499999999991 0.007050438596491298
3 0.505 0.7185910087719298 0.0042849999999999685 0.005482456140350877
3 0.511965 0.7174177631578947 0.004642500000000041 0.009396929824561334
3 0.5733325 0.9231853070175439 0.0038900000000001 0.005482456140350877
3 0.5722225 0.9308004385964912 0.0038900000000001 0.006091008771929894
3 0.57139 0.9365844298245614 0.0033324999999999817 0.005482456140350877
3 0.4354175 0.9350657894736841 0.00305499999999995 0.00487390350877186
3 0.4354175 0.942373903508772 0.00305499999999995 0.00487390350877186
3 0.43611 0.9487719298245614 0.0027775000000000317 0.004265350877193092
3 0.54139 0.9183114035087719 0.002777499999999918 0.005482456140350877
3 0.458195 0.9518146929824561 0.004167500000000018 0.004265350877193092
3 0.4952775 0.9499890350877193 0.0033324999999999817 0.005482456140350877
3 0.53875 0.9420668859649123 0.0030550000000000637 0.005482456140350877
3 0.5922225 0.9210526315789473 0.0038900000000001 0.006091008771929894
3 0.5175 0.9247094298245614 0.004444999999999936 0.00487390350877186
3 0.3920825 0.8994298245614035 0.003610000000000014 0.006699561403508662
3 0.393055 0.9113048245614035 0.0027775000000000317 0.006091008771929894
3 0.375 0.9052138157894736 0.0027775000000000317 0.003656798245614075
3 0.37416750000000004 0.898514254385965 0.0027775000000000317 0.006091008771929894
3 0.37375 0.8921162280701754 0.00305499999999995 0.005482456140350877
3 0.37263999999999997 0.8857236842105263 0.00305499999999995 0.006091008771929894
3 0.37139 0.8790186403508772 0.0027775000000000317 0.006091008771929894
3 0.36625 0.8841995614035087 0.00305499999999995 0.006699561403508662
3 0.35986 0.8762774122807017 0.00305499999999995 0.006699561403508662
2 0.68375 0.698327850877193 0.0175 0.05071271929824561
2 0.64875 0.7243695175438597 0.01625 0.05619517543859649
