2 0.1196875 0.7325932017543859 0.011875 0.023300438596491228
0 0.320625 0.9817708333333334 0.01875 0.036458333333333336
3 0.4485425 0.6971875000000001 0.0045824999999999816 0.007308114035087679
3 0.438125 0.6706853070175438 0.0045824999999999816 0.007308114035087679
3 0.45479250000000004 0.6729714912280702 0.0045824999999999816 0.006398026315789514
3 0.47458249999999996 0.6679440789473684 0.005832499999999982 0.007308114035087679
3 0.4929175 0.6565241228070176 0.005 0.008223684210526315
3 0.47458249999999996 0.6254550438596491 0.005 0.008223684210526315
3 0.4270825 0.4769736842105263 0.005 0.009139254385964952
3 0.43666750000000004 0.47377741228070175 0.004167500000000018 0.006398026315789514
3 0.93802 0.5804550438596491 0.001875 0.0031962719298245217
3 0.5555 0.17763157894736842 0.0025 0.0043859649122807015
3 0.633 0.10334429824561403 0.002 0.003837719298245614
3 0.48075 0.1943530701754386 0.0025 0.006030701754385965
3 0.446625 0.20038377192982457 0.00325 0.004934210526315789
3 0.4155 0.21354166666666666 0.0025 0.006030701754385965
3 0.397625 0.22505482456140352 0.00225 0.006030701754385965
3 0.357 0.24287280701754385 0.002 0.006578947368421052
