2 0.5958325 0.36001644736842103 0.06 0.10234100877192986
2 0.6570825 0.4431633771929825 0.04916750000000002 0.08589364035087724
2 0.6066675 0.5482456140350878 0.09666750000000002 0.15350877192982457
2 0.5408324999999999 0.6716008771929824 0.065 0.09320175438596491
2 0.3891675 0.3399122807017544 0.055 0.0694462719298246
2 0.39625 0.5674342105263158 0.0925 0.08954495614035084
2 0.3225 0.1854879385964912 0.055 0.10416666666666667
2 0.49666750000000004 0.4696655701754386 0.075 0.12427083333333337
2 0.038332500000000005 0.962171052631579 0.025 0.0712719298245614
2 0.07125 0.9668311403508771 0.0175 0.06633771929824561
2 0.22375 0.9027796052631579 0.03416750000000002 0.0913760964912281
2 0.41375 0.8159703947368421 0.0175 0.027412280701754384
