0 0.06875 0.12243969298245615 0.03583250000000001 0.02923793859649122
2 0.1120825 0.45778508771929827 0.04916749999999999 0.06030701754385965
2 0.3008325 0.3115844298245614 0.05166750000000002 0.13340460526315787
2 0.34625 0.19006030701754387 0.02916750000000002 0.1425438596491228
2 0.5420825 0.3618421052631579 0.0425 0.025586622807017585
2 0.65875 0.20559210526315788 0.04916750000000002 0.05665021929824564
0 0.44583249999999996 0.3353453947368421 0.013332499999999982 0.03472039473684207
2 0.7333324999999999 0.24579495614035088 0.01 0.020104166666666645
2 0.7504175000000001 0.2576754385964912 0.014167500000000019 0.018273026315789496
3 0.3428125 0.25424890350877194 0.006875 0.01781798245614035
3 0.3375 0.2994791666666667 0.00625 0.012335526315789474
3 0.3325 0.3371710526315789 0.0075 0.013706140350877192
3 0.3209375 0.4036458333333333 0.006875 0.012335526315789474
3 0.435 0.37417763157894735 0.00625 0.013706140350877192
3 0.42875 0.4009046052631579 0.00625 0.012335526315789474
3 0.42125 0.4262609649122807 0.00625 0.010964912280701754
3 0.4509375 0.30770285087719296 0.005625 0.012335526315789474
3 0.4684375 0.23231907894736842 0.008125 0.015076754385964912
3 0.4071875 0.4666940789473684 0.004375 0.009594298245614035
3 0.400625 0.48519736842105265 0.005 0.008223684210526315
3 0.5046875 0.4550438596491228 0.006875 0.010964912280701754
3 0.5134375 0.43379934210526316 0.006875 0.012335526315789474
3 0.49625 0.4721765350877193 0.005 0.009594298245614035
3 0.5634375 0.2974232456140351 0.005625 0.010964912280701754
3 0.575 0.26452850877192985 0.00875 0.01644736842105263
3 0.5853125 0.22478070175438597 0.005625 0.01918859649122807
2 0.5434375 0.31866776315789475 0.026875 0.03974780701754386
2 0.4940625 0.1836622807017544 0.044375 0.06030701754385965
0 0.5928125 0.43859649122807015 0.023125 0.043859649122807015
3 0.6496875 0.31866776315789475 0.006875 0.015076754385964912
3 0.6378125 0.34676535087719296 0.008125 0.013706140350877192
3 0.625625 0.37212171052631576 0.00625 0.012335526315789474
3 0.61375 0.39679276315789475 0.005 0.012335526315789474
3 0.741875 0.2837171052631579 0.00625 0.01644736842105263
3 0.78625 0.3282620614035088 0.00625 0.015076754385964912
3 0.7615625 0.3755482456140351 0.008125 0.010964912280701754
3 0.663125 0.4310581140350877 0.00625 0.012335526315789474
3 0.6875 0.3913103070175439 0.00625 0.009594298245614035
3 0.2559375 0.6530975877192983 0.009375 0.012335526315789474
3 0.3253125 0.6743421052631579 0.006875 0.008223684210526315
3 0.15875 0.688733552631579 0.0125 0.009594298245614035
