2 0.205625 0.3371710526315789 0.07 0.26864035087719296
3 0.2915625 0.024671052631578948 0.010625 0.01918859649122807
3 0.2915625 0.3762335526315789 0.010625 0.02055921052631579
3 0.2809375 0.6140350877192983 0.006875 0.013706140350877192
2 0.26 0.4413377192982456 0.03 0.14802631578947367
0 0.2790625 0.4941063596491228 0.008125 0.02055921052631579
3 0.2690625 0.746984649122807 0.005625 0.010964912280701754
3 0.6109375 0.5057565789473685 0.009375 0.021929824561403508
3 0.7514575 0.8228234649122806 0.002917500000000018 0.006398026315789514
3 0.7410425 0.9027796052631579 0.0045824999999999816 0.007308114035087679
3 0.836875 0.6514967105263157 0.00375 0.009139254385964952
3 0.5033325 0.24716557017543858 0.0033324999999999817 0.006398026315789451
3 0.5341675 0.2485361842105263 0.004167500000000018 0.00913925438596489
3 0.5908325 0.26726973684210525 0.004167500000000018 0.008223684210526315
