2 0.54125 0.5283717105263158 0.0225 0.07264254385964912
2 0.42875 0.48793859649122806 0.025 0.0712719298245614
2 0.405625 0.4057017543859649 0.02125 0.05482456140350877
2 0.2140625 0.3131853070175439 0.029375 0.1137609649122807
0 0.478125 0.8497807017543859 0.01875 0.013706140350877192
3 0.40375 0.11748355263157895 0.009642500000000042 0.01879934210526317
3 0.40535750000000004 0.04855811403508772 0.010715000000000032 0.018799342105263152
3 0.405 0.011748903508771929 0.010715000000000032 0.020361842105263157
3 0.4664275 0.04268640350877193 0.011427500000000009 0.02114583333333333
2 0.255715 0.7099780701754386 0.022142499999999985 0.09946820175438588
3 0.453215 0.9700054824561404 0.006427500000000009 0.01174890350877184
2 0.669465 0.7530537280701755 0.05892750000000001 0.1621217105263158
2 0.8455349999999999 0.16016447368421052 0.053214999999999915 0.0712719298245614
3 0.76125 0.07753837719298246 0.009642499999999927 0.01879934210526317
3 0.7696425 0.04347039473684211 0.01 0.018015350877192974
3 0.8110725 0.0587390350877193 0.009285000000000081 0.01723135964912281
3 0.781125 0.00932017543859649 0.01175 0.01864035087719298
2 0.6490625 0.7284813596491229 0.041875 0.0644188596491228
