0 0.6435725 0.5674342105263158 0.005714999999999918 0.01644736842105263
3 0.7483925 0.4808881578947368 0.004642499999999927 0.009396929824561459
3 0.776965 0.4562171052631579 0.005357500000000073 0.008612938596491248
3 0.0973225 0.24827850877192983 0.004642500000000013 0.007834429824561383
3 0.145 0.3673245614035088 0.005 0.007834429824561383
3 0.0398225 0.38886513157894737 0.005357500000000002 0.010180921052631544
0 0.238035 0.9641282894736842 0.005357500000000016 0.012532894736842175
2 0.2026775 0.9656962719298245 0.05892750000000001 0.0516940789473684
2 0.168215 0.9437664473684211 0.015714999999999976 0.017231359649122716
2 0.236785 0.9269243421052632 0.07071499999999997 0.022713815789473596
2 0.27 0.9613870614035087 0.037142500000000044 0.024281798245614016
3 0.854285 0.31014802631578947 0.0071424999999999276 0.01253289473684205
3 0.845715 0.3379550438596491 0.005 0.007050438596491173
3 0.7873225 0.3978673245614035 0.004642499999999927 0.0062664473684210876
3 0.7996425 0.32542214912280704 0.008572499999999992 0.010180921052631544
3 0.8214275 0.2984046052631579 0.005 0.009396929824561459
3 0.8107150000000001 0.38847039473684214 0.005714999999999918 0.009396929824561459
3 0.778215 0.3814199561403509 0.006427500000000009 0.009396929824561459
3 0.925535 0.2369188596491228 0.009642499999999927 0.014879385964912274
2 0.11475 0.5301535087719298 0.0115 0.01206140350877193
