2 0.2979175 0.6980975877192982 0.02416750000000002 0.09502741228070172
2 0.73125 0.6167763157894737 0.015832499999999982 0.027412280701754384
0 0.4295825 0.6067269736842106 0.011667500000000018 0.1005098684210526
3 0.546875 0.5281414473684211 0.002917500000000018 0.007308114035087679
3 0.5375 0.5057565789473685 0.0033324999999999817 0.006398026315789514
3 0.51875 0.5121546052631579 0.0025 0.008223684210526315
3 0.4883325 0.5487006578947369 0.0033324999999999817 0.008223684210526315
3 0.4839575 0.6007839912280701 0.002917500000000018 0.008223684210526315
3 0.506875 0.6199725877192982 0.002917500000000018 0.008223684210526315
3 0.53 0.6131195175438596 0.0033324999999999817 0.007308114035087679
3 0.3685425 0.584797149122807 0.00375 0.007308114035087679
3 0.3372925 0.600328947368421 0.002082499999999982 0.009139254385964952
3 0.32229250000000004 0.6085526315789473 0.002917500000000018 0.009139254385964952
3 0.2947925 0.6227138157894736 0.00375 0.010049342105263119
2 0.508125 0.7218585526315789 0.017917500000000017 0.025586622807017585
2 0.5675 0.899577850877193 0.019167500000000018 0.039292763157894775
3 0.15284 0.7832456140350877 0.0025 0.005482456140350877
3 0.167045 0.7839912280701754 0.0022724999999999794 0.005981359649122727
3 0.2038625 0.6920339912280702 0.0022724999999999794 0.0064802631578948265
3 0.1922725 0.6743421052631579 0.0027275000000000203 0.005981359649122727
3 0.18409 0.6800712719298246 0.0018174999999999956 0.0064802631578948265
3 0.2060225 0.6720997807017545 0.0025 0.005482456140350877
3 0.22909000000000002 0.6942763157894736 0.0022724999999999794 0.005981359649122727
3 0.24079499999999998 0.6698574561403509 0.0025 0.006979166666666677
3 0.2175 0.752094298245614 0.0022724999999999794 0.005981359649122727
3 0.23840999999999998 0.7157072368421052 0.0027275000000000203 0.005981359649122727
3 0.25727249999999996 0.7157072368421052 0.002272500000000036 0.004983552631579027
3 0.28158999999999995 0.5868695175438596 0.002272500000000036 0.004484649122806928
3 0.3738625 0.5387774122807018 0.0031825000000000043 0.003985745614035078
3 0.35216000000000003 0.5497423245614035 0.0025 0.0049835526315789025
3 0.3318175 0.5607072368421053 0.0031825000000000043 0.004983552631579027
3 0.34696499999999997 0.7268146929824562 0.0032150000000000316 0.007834429824561383
3 0.3148225 0.7389583333333333 0.0032150000000000316 0.007050438596491298
3 0.9705349999999999 0.6833497807017545 0.003927500000000009 0.005482456140350877
3 0.9691075 0.662593201754386 0.003214999999999918 0.007834429824561383
3 0.9676775 0.6449725877192983 0.003927500000000009 0.007050438596491298
3 0.966785 0.6273519736842105 0.0028575000000000727 0.006266447368420963
3 0.984465 0.612077850877193 0.003214999999999918 0.005482456140350877
3 0.98625 0.6269572368421052 0.0025 0.005482456140350877
3 0.9878574999999999 0.6457565789473684 0.003572499999999991 0.007050438596491298
3 0.989285 0.6653344298245614 0.004285000000000082 0.008612938596491248
3 0.983035 0.7589309210526316 0.004642499999999927 0.009396929824561334
3 0.9925 0.7319078947368421 0.005 0.008612938596491248
3 0.9753575 0.7859484649122807 0.005714999999999918 0.008612938596491248
3 0.979285 0.8161019736842104 0.0028575000000000727 0.004698464912280791
3 0.9908925000000001 0.812576754385965 0.003214999999999918 0.008612938596491248
3 0.9326775 0.8313760964912281 0.003214999999999918 0.005482456140350877
3 0.9146425 0.8376425438596491 0.0028575000000000727 0.007050438596491298
3 0.9646425000000001 0.5952357456140351 0.0028575000000000727 0.004698464912280791
3 0.7408925000000001 0.41040021929824566 0.003927500000000009 0.007834429824561383
3 0.7341074999999999 0.42214912280701755 0.0017850000000000819 0.004698464912280667
3 0.7253575 0.4252796052631579 0.0028575000000000727 0.0062664473684210876
3 0.706785 0.431156798245614 0.0021424999999999274 0.005482456140350877
3 0.7221425 0.4174506578947368 0.0028575000000000727 0.0062664473684210876
3 0.749465 0.40726973684210527 0.0025 0.0062664473684210876
3 0.731785 0.41275219298245613 0.0028575000000000727 0.007834429824561383
3 0.6216075 0.7154605263157895 0.0025 0.007050438596491298
3 0.6183925 0.7358223684210526 0.003214999999999918 0.007050438596491298
3 0.6166075 0.7554057017543859 0.003214999999999918 0.007050438596491298
3 0.614285 0.7769407894736843 0.0028575000000000727 0.006266447368420963
3 0.7808925 0.6900054824561404 0.0025 0.006266447368420963
3 0.7798225 0.7115460526315789 0.003214999999999918 0.005482456140350877
3 0.7794650000000001 0.7875164473684211 0.0025 0.005482456140350877
3 0.7823225 0.6700328947368421 0.0025 0.005482456140350877
3 0.7835725 0.6504550438596491 0.0028575000000000727 0.005482456140350877
3 0.38055500000000003 0.41423245614035087 0.002222499999999968 0.006091008771929769
3 0.381805 0.44621162280701754 0.00194500000000005 0.004265350877192968
3 0.37986000000000003 0.4596107456140351 0.00194500000000005 0.004265350877192968
3 0.3825 0.4654002192982456 0.0027775000000000317 0.003656798245614075
3 0.39264 0.45991776315789473 0.0025 0.004873903508771984
3 0.3804175 0.4787993421052632 0.00194500000000005 0.004873903508771984
3 0.38333249999999996 0.4748410087719298 0.002222499999999968 0.004265350877192968
3 0.38347250000000005 0.48519736842105265 0.00194500000000005 0.004265350877192968
3 0.38125 0.48976425438596494 0.0025 0.003656798245614075
3 0.3816675 0.4985964912280702 0.002222499999999968 0.004265350877192968
3 0.416805 0.4833717105263158 0.0025 0.004265350877192968
3 0.4254175 0.4763651315789474 0.0025 0.006091008771929769
3 0.434305 0.4733168859649123 0.00305499999999995 0.004873903508771984
3 0.3775 0.4078344298245614 0.0016675000000000181 0.005482456140350877
3 0.376805 0.3228563596491228 0.00194500000000005 0.004873903508771984
3 0.3775 0.33747807017543857 0.0027775000000000317 0.004873903508771984
3 0.3777775 0.35057017543859653 0.0027775000000000317 0.005482456140350877
3 0.39083249999999997 0.2622423245614035 0.002222499999999968 0.005482456140350877
3 0.40541750000000004 0.24914473684210525 0.00194500000000005 0.003656798245614013
3 0.4129175 0.2421436403508772 0.00194500000000005 0.004265350877192968
3 0.42014 0.23513706140350876 0.0025 0.004873903508771923
3 0.4277775 0.22813048245614037 0.002222499999999968 0.005482456140350877
3 0.39777749999999995 0.4005263157894737 0.0027775000000000317 0.005482456140350877
3 0.4104175 0.3910800438596491 0.0025 0.006091008771929769
3 0.4040275 0.39595394736842104 0.0025 0.006091008771929769
3 0.42263999999999996 0.3825548245614035 0.00194500000000005 0.006091008771929769
3 0.42902749999999995 0.37859649122807015 0.0025 0.004265350877192968
3 0.4420825 0.36824013157894736 0.0025 0.006699561403508787
3 0.455 0.35879385964912286 0.0027775000000000317 0.004873903508771984
3 0.461945 0.3536184210526316 0.0027775000000000317 0.004265350877192968
3 0.43139 0.43493969298245616 0.002222499999999968 0.003656798245614075
3 0.4395825 0.43616228070175433 0.0025 0.004873903508771984
3 0.408055 0.4270230263157895 0.0027775000000000317 0.006091008771929769
3 0.455695 0.440422149122807 0.00194500000000005 0.004873903508771984
3 0.46375 0.44164473684210526 0.00194500000000005 0.004873903508771984
3 0.4475 0.48550438596491224 0.0027775000000000317 0.004873903508771984
3 0.4229175 0.5296655701754386 0.00305499999999995 0.006699561403508787
3 0.4404175 0.5217489035087719 0.0025 0.005482456140350877
3 0.45888999999999996 0.5132182017543859 0.0027775000000000317 0.006699561403508787
3 0.478055 0.5040789473684211 0.002222499999999968 0.006699561403508787
3 0.49889 0.49555372807017545 0.002222499999999968 0.005482456140350877
3 0.5072225 0.49220394736842105 0.002222499999999968 0.006091008771929769
3 0.52736 0.48367324561403513 0.0030550000000000637 0.006091008771929769
3 0.3559725 0.30975877192982454 0.0013899999999999863 0.005482456140350877
3 0.3491675 0.31524122807017546 0.0016675000000000181 0.004265350877192968
3 0.3625 0.3048848684210526 0.0016675000000000181 0.005482456140350877
3 0.3677775 0.30031798245614033 0.002222499999999968 0.004873903508771984
3 0.37347250000000004 0.29696820175438593 0.00194500000000005 0.005482456140350877
