2 0.36225 0.3020833333333333 0.0715 0.08223684210526316
3 0.417 0.2774122807017544 0.007 0.015350877192982455
3 0.56325 0.38103070175438597 0.0055 0.01425438596491228
2 0.95975 0.7165570175438597 0.0135 0.03399122807017544
3 0.42 0.8459429824561403 0.004 0.005482456140350877
3 0.5948450000000001 0.9049506578947369 0.0021875 0.004797149122807018
3 0.5628125 0.8905592105263158 0.0025 0.006167763157894737
3 0.60125 0.874797149122807 0.003125 0.007538377192982456
3 0.603125 0.9039199561403509 0.0025 0.006853070175438596
3 0.6101575 0.9059758771929824 0.0021875 0.005482456140350877
3 0.64625 0.8628015350877193 0.003125 0.006853070175438596
3 0.6376775 0.3818146929824561 0.003927500000000009 0.010180921052631544
2 0.74175 0.38651315789473684 0.0225 0.047149122807017545
3 0.73825 0.3793859649122807 0.0025 0.006578947368421052
