3 0.49607249999999997 0.4887225877192982 0.011427500000000009 0.01723135964912284
3 0.6441074999999999 0.6261732456140351 0.011785000000000082 0.008612938596491248
3 0.5551775 0.6418366228070176 0.009642499999999927 0.01331688596491226
3 0.521965 0.7009703947368421 0.008214999999999919 0.010964912280701754
3 0.4516075 0.5443311403508772 0.008215000000000031 0.014095394736842124
3 0.416785 0.6046381578947367 0.006427500000000009 0.010964912280701754
3 0.401785 0.6410581140350877 0.007857499999999958 0.018015350877193054
3 0.3921425 0.6602467105263158 0.007142500000000041 0.010964912280701754
0 0.5916075 0.5400219298245614 0.010357500000000073 0.008612938596491248
3 0.286785 0.2768640350877193 0.005715000000000032 0.01801535087719293
3 0.26196499999999995 0.374375 0.0032150000000000316 0.010964912280701754
3 0.27946499999999996 0.3136732456140351 0.0032150000000000316 0.010180921052631544
3 0.3028575 0.17269736842105263 0.0042849999999999685 0.008612938596491248
3 0.195715 0.1519407894736842 0.003572499999999991 0.010964912280701754
3 0.18125 0.1785690789473684 0.003927500000000009 0.010964912280701754
3 0.174285 0.31328399122807016 0.004285000000000025 0.010964912280701754
3 0.18392750000000002 0.4139254385964912 0.004285000000000025 0.01331688596491226
2 0.1766075 0.8129714912280701 0.016785000000000026 0.03446271929824568
2 0.180535 0.8446875 0.018214999999999974 0.03680921052631572
2 0.581785 0.8239364035087718 0.09428500000000008 0.03446271929824568
