0 0.2446875 0.09114583333333333 0.021875 0.006853070175438596
0 0.36375 0.10471491228070176 0.024 0.01206140350877193
2 0.28696499999999997 0.12178728070175437 0.0225 0.036809210526315785
2 0.41035750000000004 0.21734100877192983 0.025715000000000033 0.06500548245614038
2 0.5175 0.31093201754385963 0.02357249999999999 0.053256578947368474
2 0.5651775 0.3493092105263158 0.02107249999999999 0.04542763157894732
2 0.525535 0.4080537280701754 0.03964249999999993 0.0501260964912281
3 0.19589250000000002 0.2870449561403509 0.0025 0.01331688596491226
3 0.2516075 0.44212171052631577 0.0025 0.007050438596491173
3 0.2701775 0.4734484649122807 0.003927500000000009 0.01331688596491226
2 0.28517750000000003 0.5083004385964912 0.0075 0.036025219298245634
2 0.2908925 0.5639089912280701 0.01535749999999996 0.050126096491227984
0 0.2878575 0.6093366228070176 0.005 0.02506030701754388
0 0.2910725 0.6735581140350877 0.003572499999999991 0.0266282894736843
3 0.22325 0.6022478070175439 0.002 0.00712719298245614
3 0.22025 0.6088267543859649 0.0015 0.006030701754385965
3 0.217125 0.6132127192982456 0.00175 0.006030701754385965
3 0.213625 0.6186951754385965 0.00175 0.006030701754385965
3 0.210875 0.621984649122807 0.00125 0.006030701754385965
3 0.22975 0.6217105263157895 0.003 0.010964912280701754
2 0.86125 0.737390350877193 0.075 0.16447368421052633
