2 0.40958249999999996 0.8433826754385965 0.03416750000000002 0.049342105263157895
2 0.47958249999999997 0.8324177631578947 0.045832499999999984 0.03837719298245614
2 0.34625 0.4733168859649123 0.1525 0.13888706140350873
2 0.41875 0.5317982456140351 0.10916750000000001 0.11695723684210522
2 0.49666750000000004 0.6524122807017544 0.20333249999999997 0.1681304824561404
0 0.535 0.6807401315789474 0.025 0.03837719298245614
2 0.66875 0.23208881578947368 0.03583249999999998 0.06213267543859651
2 0.5004175000000001 0.43859649122807015 0.05083249999999998 0.047516447368421096
3 0.2304175 0.25036732456140354 0.009167500000000018 0.018273026315789496
3 0.2195825 0.20741776315789473 0.010832499999999981 0.020104166666666645
3 0.19208250000000002 0.1069078947368421 0.010832499999999981 0.020104166666666676
3 0.2054175 0.1571655701754386 0.009167500000000018 0.021929824561403508
2 0.9483325 0.4276315789473684 0.10166750000000002 0.1498519736842105
2 0.85875 0.5043859649122807 0.11583249999999998 0.16447368421052633
0 0.7860425 0.5363651315789474 0.01375 0.01644736842105263
0 0.454445 0.8595285087719298 0.00944500000000005 0.007308114035087679
0 0.499445 0.8433826754385965 0.005 0.007916666666666697
0 0.49194499999999997 0.8488651315789473 0.00555499999999995 0.010356359649122737
3 0.37486 0.7970888157894738 0.004167500000000018 0.006699561403508662
3 0.393055 0.844906798245614 0.005 0.007308114035087679
3 0.4109725 0.8823684210526316 0.004722499999999968 0.009139254385964952
3 0.4197225 0.897297149122807 0.0038899999999999864 0.008530701754385936
3 0.430695 0.9186184210526316 0.003610000000000014 0.007308114035087679
3 0.44097250000000004 0.917702850877193 0.003610000000000014 0.006699561403508662
