2 0.3421875 0.5900493421052632 0.024375 0.026041666666666668
2 0.384375 0.6866776315789473 0.0625 0.14528508771929824
2 0.4809375 0.4947916666666667 0.090625 0.030153508771929825
2 0.415625 0.8573190789473685 0.0175 0.08908991228070176
3 0.37375 0.8031798245614035 0.004642500000000041 0.007050438596491298
3 0.40232249999999997 0.8051370614035087 0.003927500000000009 0.007834429824561383
2 0.4301775 0.9616995614035089 0.023927500000000008 0.07659539473684213
2 0.06892749999999999 0.6434046052631579 0.014284999999999997 0.030542763157894757
2 0.23892750000000001 0.6022861842105263 0.04428499999999997 0.13314692982456147
0 0.18964250000000002 0.3281633771929825 0.008572499999999992 0.010964912280701754
2 0.18785749999999998 0.38494517543859647 0.04785750000000002 0.07440241228070177
2 0.5473225 0.4973355263157895 0.0275 0.036025219298245634
2 0.715715 0.40060855263157896 0.01785750000000007 0.09007127192982455
2 0.5921875 0.9810142543859649 0.01375 0.03769188596491228
0 0.5957825 0.9539473684210527 0.0046875 0.013706140350877192
