3 0.0695 0.32401315789473684 0.003 0.007675438596491228
3 0.137 0.2878289473684211 0.003 0.005482456140350877
3 0.35775 0.725328947368421 0.0045 0.007675438596491228
3 0.64025 0.9632675438596491 0.0045 0.009868421052631578
3 0.73425 0.6979166666666666 0.0045 0.007675438596491228
3 0.78975 0.5526315789473685 0.0035 0.006578947368421052
3 0.7984724999999999 0.5278399122807017 0.0019449999999999364 0.004265350877192968
3 0.645555 0.6667269736842105 0.002777499999999918 0.005482456140350877
3 0.636805 0.6853070175438597 0.0019449999999999364 0.00487390350877186
3 0.6316675 0.6965789473684211 0.002222500000000082 0.004265350877193092
2 0.75875 0.4602192982456141 0.0175 0.03472039473684207
0 0.640555 0.07340460526315788 0.019444999999999938 0.017664473684210542
3 0.2975 0.14894188596491229 0.0038899999999999864 0.004265350877192968
3 0.340555 0.1790953947368421 0.0027775000000000317 0.003656798245614013
3 0.63486 0.9780098684210526 0.0030550000000000637 0.006699561403508662
