2 0.554 0.6134868421052632 0.086 0.32346491228070173
2 0.36422750000000004 0.8629385964912281 0.07145500000000005 0.06798245614035088
3 0.6195 0.6310307017543859 0.005 0.01206140350877193
3 0.64025 0.7209429824561403 0.0045 0.01864035087719298
3 0.67375 0.8157894736842105 0.0045 0.015350877192982455
3 0.62375 0.7467105263157895 0.0065 0.010964912280701754
3 0.63225 0.7724780701754386 0.0035 0.009868421052631578
3 0.6405 0.7993421052631579 0.005 0.010964912280701754
3 0.64875 0.8234649122807017 0.0045 0.010964912280701754
3 0.657 0.8464912280701754 0.004 0.008771929824561403
3 0.665 0.868421052631579 0.004 0.010964912280701754
3 0.672 0.8865131578947368 0.005 0.009868421052631578
3 0.67825 0.9046052631578947 0.0045 0.008771929824561403
3 0.666 0.9259868421052632 0.005 0.01206140350877193
3 0.654 0.950109649122807 0.005 0.01206140350877193
3 0.64175 0.9736842105263158 0.0045 0.010964912280701754
3 0.629 0.9961622807017544 0.005 0.007675438596491228
2 0.253215 0.9065624999999999 0.012857500000000016 0.01331688596491226
2 0.289285 0.9046052631578947 0.05285749999999996 0.012532894736842175
0 0.2798225 0.8955975877192982 0.014642500000000041 0.01174890350877184
0 0.3564275 0.8865899122807018 0.008572499999999992 0.009396929824561334
