2 0.62625 0.33260416666666665 0.0675 0.08771929824561403
2 0.4158325 0.5043859649122807 0.065 0.047516447368421096
2 0.5425 0.5053015350877192 0.175 0.08223684210526316
3 0.5191675 0.9119133771929824 0.008332499999999982 0.014621710526315829
3 0.5466675 0.9521217105263158 0.008332499999999982 0.018273026315789434
3 0.46708249999999996 0.9722203947368421 0.0075 0.018273026315789434
2 0.0525 0.44243421052631576 0.051 0.09978070175438597
3 0.21525 0.9868421052631579 0.0045 0.010964912280701754
2 0.11175 0.7412280701754386 0.0245 0.03508771929824561
2 0.1345 0.7203947368421053 0.026 0.03289473684210526
0 0.87 0.7516447368421053 0.031 0.01864035087719298
2 0.96825 0.5219298245614035 0.0175 0.03289473684210526
