2 0.05375 0.3344298245614035 0.02375 0.08223684210526316
3 0.3809375 0.40021929824561403 0.008125 0.01918859649122807
2 0.3390625 0.28029057017543857 0.010625 0.01781798245614035
3 0.3665625 0.7257401315789473 0.006875 0.02055921052631579
3 0.49107249999999997 0.9100877192982456 0.002857499999999959 0.006266447368420963
3 0.509285 0.906173245614035 0.002857499999999959 0.006266447368420963
3 0.54 0.9112609649122807 0.0028575000000000727 0.007050438596491298
3 0.5178575 0.6950986842105262 0.0028575000000000727 0.007050438596491298
3 0.5098225 0.6923574561403508 0.0032150000000000316 0.006266447368420963
3 0.501965 0.6911787280701754 0.0032150000000000316 0.007050438596491298
3 0.6842849999999999 0.6265679824561403 0.0028575000000000727 0.010964912280701754
