2 0.4309375 0.5407072368421053 0.114375 0.13294956140350878
2 0.5675 0.3529331140350877 0.035 0.05071271929824561
2 0.64875 0.4666940789473684 0.02375 0.061677631578947366
2 0.69375 0.532483552631579 0.035 0.08908991228070176
0 0.4389575 0.47742872807017545 0.009582499999999982 0.017362938596491267
2 0.1720825 0.6355098684210527 0.09333249999999998 0.06304824561403509
0 0.3997925 0.9630866228070176 0.0045824999999999816 0.014621710526315829
3 0.3514575 0.9461787280701754 0.00375 0.008223684210526315
3 0.3685425 0.9639967105263157 0.002917500000000018 0.007308114035087679
3 0.34625 0.9841008771929824 0.0033324999999999817 0.009139254385964952
3 0.4864575 0.8296765350877192 0.0045824999999999816 0.012790570175438557
3 0.5033325 0.8511513157894737 0.004167500000000018 0.01188048245614039
3 0.4677075 0.8813048245614035 0.0045824999999999816 0.01188048245614039
3 0.5175 0.9068914473684211 0.004167500000000018 0.01188048245614039
3 0.4808325 0.9329331140350877 0.005 0.010964912280701754
3 0.4979175 0.953031798245614 0.005 0.010964912280701754
3 0.3879175 0.7003837719298246 0.006667500000000018 0.013706140350877192
0 0.299125 0.6855811403508771 0.01225 0.024671052631578948
