2 0.4153125 0.4543585526315789 0.035625 0.034265350877192985
0 0.4575 0.4379111842105263 0.0175 0.012335526315789474
0 0.48 0.4447642543859649 0.01 0.006853070175438596
0 0.4965625 0.4433936403508772 0.009375 0.009594298245614035
2 0.455625 0.4701206140350877 0.04375 0.04111842105263158
3 0.4251775 0.768327850877193 0.003927500000000009 0.007834429824561383
3 0.421785 0.7448300438596491 0.0042849999999999685 0.009396929824561334
3 0.4303575 0.7084100877192983 0.0042849999999999685 0.008612938596491248
3 0.4551775 0.6872642543859648 0.003927500000000009 0.008612938596491248
3 0.4689275 0.7146765350877192 0.003572499999999991 0.008612938596491248
3 0.4610725 0.7495285087719299 0.0042849999999999685 0.007834429824561383
3 0.4471425 0.7698958333333333 0.0042849999999999685 0.009396929824561334
3 0.585715 0.7197697368421052 0.0028575000000000727 0.009396929824561334
3 0.5883925000000001 0.7362171052631579 0.003214999999999918 0.007834429824561383
3 0.5810725 0.7644133771929824 0.0028575000000000727 0.007834429824561383
3 0.5614275 0.7765515350877193 0.003572499999999991 0.008612938596491248
3 0.559465 0.761672149122807 0.003214999999999918 0.007050438596491298
3 0.566965 0.7322971491228071 0.003214999999999918 0.007834429824561383
3 0.56575 0.26151315789473684 0.002 0.0043859649122807015
3 0.5775 0.28344298245614036 0.002 0.005482456140350877
3 0.58525 0.31030701754385964 0.0015 0.005482456140350877
3 0.576 0.31606359649122806 0.0025 0.004934210526315789
3 0.56475 0.2905701754385965 0.0025 0.006578947368421052
3 0.5565 0.2637061403508772 0.0025 0.005482456140350877
2 0.67675 0.6082785087719298 0.0155 0.013706140350877192
2 0.650625 0.6014254385964912 0.05425 0.05043859649122807
2 0.8402775 0.6740350877192983 0.027222500000000083 0.02132127192982449
