3 0.39325 0.6167763157894737 0.0055 0.01206140350877193
3 0.39925 0.6480263157894737 0.0035 0.008771929824561403
0 0.40925 0.7467105263157895 0.0085 0.015350877192982455
0 0.40925 0.7560307017543859 0.0055 0.009868421052631578
2 0.43175 0.7072368421052632 0.0385 0.021929824561403508
2 0.3985 0.7110745614035088 0.041 0.13048245614035087
3 0.18425 0.3607456140350877 0.0035 0.010964912280701754
3 0.75975 0.524671052631579 0.0135 0.03179824561403509
3 0.6790625 0.2597313596491228 0.013125 0.026041666666666668
2 0.0775 0.15967653508771928 0.0275 0.05345394736842105
