2 0.38625 0.7833059210526315 0.07375 0.15487938596491227
3 0.4553125 0.46875 0.008125 0.01918859649122807
3 0.4728125 0.1356907894736842 0.006875 0.01918859649122807
3 0.4334375 0.7970120614035088 0.008125 0.01781798245614035
3 0.6096875 0.8675986842105263 0.005625 0.01644736842105263
2 0.3703125 0.9536732456140351 0.049375 0.09265350877192982
2 0.49625 0.9505208333333334 0.03 0.078125
2 0.5590625 0.932702850877193 0.026875 0.034265350877192985
2 0.413125 0.8269353070175438 0.01625 0.047516447368421096
3 0.7746425 0.4158826754385965 0.0028575000000000727 0.010964912280701754
3 0.60375 0.4602192982456141 0.0025 0.005482456140350877
3 0.5959725 0.45626096491228074 0.0019449999999999364 0.006091008771929769
3 0.588195 0.4541282894736842 0.0025 0.006699561403508787
3 0.7777775 0.39839364035087715 0.0016675000000000181 0.006091008771929769
3 0.573125 0.6706853070175438 0.0025 0.005482456140350877
3 0.621145 0.6805098684210527 0.001875 0.0050274122807017945
3 0.5910425 0.6702302631578947 0.0025 0.006398026315789514
3 0.7315625 0.8714802631578947 0.002292500000000018 0.006853070175438596
3 0.7058325 0.9320175438596491 0.0025 0.006398026315789514
2 0.825625 0.9416118421052632 0.017917500000000017 0.0648739035087719
2 0.851875 0.8799342105263158 0.02041750000000002 0.09594298245614036
2 0.8885425 0.772110745614035 0.01375 0.06761513157894733
2 0.9152775000000001 0.9000383771929825 0.010555000000000064 0.011573464912280772
2 0.8426675 0.6619133771929824 0.0033324999999999817 0.005115131578947329
