2 0.6046875 0.36800986842105265 0.018125 0.028782894736842105
3 0.5 0.5139802631578947 0.01 0.01918859649122807
3 0.6284375 0.6811951754385965 0.006875 0.01644736842105263
3 0.3 0.20285087719298245 0.0075 0.024671052631578948
2 0.3375 0.7360197368421053 0.0625 0.1206140350877193
2 0.656875 0.9608004385964912 0.0125 0.06853070175438597
2 0.643125 0.7798793859649122 0.015 0.10416666666666667
2 0.1278125 0.9539473684210527 0.041875 0.04111842105263158
3 0.050715 0.7416995614035087 0.0028575000000000015 0.009396929824561334
3 0.0376775 0.7330811403508772 0.0032150000000000034 0.009396929824561334
3 0.026965 0.7256414473684211 0.003927500000000002 0.010180921052631669
3 0.018035 0.7209429824561403 0.0032149999999999965 0.010180921052631669
3 0.009285 0.7150712719298246 0.003572499999999998 0.010964912280701754
3 0.02 0.820016447368421 0.002142499999999998 0.007834429824561383
3 0.0123225 0.7726370614035087 0.0025 0.010180921052631669
2 0.1453575 0.10925986842105263 0.06785750000000002 0.07440241228070174
2 0.244875 0.023026315789473683 0.06075 0.046052631578947366
3 0.8739275 0.35792763157894736 0.010714999999999917 0.021929824561403508
3 0.8796425 0.22165021929824563 0.0071424999999999276 0.015663377192982483
3 0.8894650000000001 0.13236293859649123 0.004642499999999927 0.007834429824561414
3 0.8771425 0.4593530701754386 0.006427500000000009 0.01331688596491226
3 0.8833925 0.5329714912280702 0.006072499999999991 0.008612938596491248
3 0.855 0.4456469298245614 0.003572499999999991 0.01566337719298242
2 0.8623225 0.4174506578947368 0.009642499999999927 0.043859649122807015
2 0.9401775 0.7714583333333334 0.01607249999999999 0.0516940789473684
