3 0.024671052631578948 0.2575 0.01864035087719298 0.008
0 0.7346491228070176 0.234 0.03728070175438596 0.013
0 0.850328947368421 0.22775 0.020833333333333332 0.0405
3 0.6891447368421053 0.24175 0.01206140350877193 0.0075
3 0.6343201754385965 0.26075 0.01644736842105263 0.0075
3 0.5718201754385965 0.278 0.01864035087719298 0.007
3 0.45394736842105265 0.31075 0.017543859649122806 0.0095
3 0.09320175438596491 0.33425 0.02631578947368421 0.0085
3 0.0581140350877193 0.31375 0.013157894736842105 0.0045
3 0.015350877192982455 0.29325 0.015350877192982455 0.0065
3 0.13541666666666666 0.3535 0.01206140350877193 0.007
3 0.17324561403508773 0.372 0.013157894736842105 0.005
3 0.22094298245614036 0.36175 0.01864035087719298 0.0055
3 0.2362938596491228 0.40475 0.027412280701754384 0.0065
3 0.20888157894736842 0.3895 0.01206140350877193 0.004
0 0.6869517543859649 0.37025 0.051535087719298246 0.0175
3 0.8338815789473685 0.32775 0.01864035087719298 0.0065
3 0.625 0.385 0.015350877192982455 0.007
3 0.5718201754385965 0.39725 0.01644736842105263 0.0065
3 0.5197368421052632 0.40875 0.021929824561403508 0.0065
3 0.4205043859649123 0.428 0.01864035087719298 0.006
3 0.37225877192982454 0.43675 0.01425438596491228 0.0045
0 0.3519736842105263 0.41475 0.017543859649122806 0.0125
3 0.2746710526315789 0.42025 0.01644736842105263 0.0055
3 0.8333333333333334 0.4315 0.015350877192982455 0.006
3 0.8843201754385965 0.41975 0.01644736842105263 0.0065
3 0.9325657894736842 0.4065 0.01425438596491228 0.006
3 0.7275219298245614 0.3575 0.01425438596491228 0.006
2 0.9660087719298246 0.41825 0.02412280701754386 0.0205
