2 0.3104175 0.6962719298245614 0.02583249999999998 0.051167763157894695
2 0.5708325 0.747439692982456 0.028332499999999983 0.05482456140350877
3 0.12541750000000002 0.028782894736842105 0.01 0.022845394736842113
3 0.1858325 0.2421436403508772 0.008332499999999982 0.021929824561403508
0 0.6672925000000001 0.6716008771929824 0.007082499999999982 0.012790570175438557
3 0.5122925 0.7771381578947368 0.00625 0.010049342105263119
3 0.46854250000000003 0.7867324561403509 0.00625 0.009139254385964952
3 0.4254175 0.7972423245614035 0.005832499999999982 0.010049342105263119
3 0.3839575 0.8068366228070176 0.00625 0.010964912280701754
3 0.3427075 0.8173410087719298 0.00625 0.010049342105263119
0 0.6275 0.7835361842105264 0.006667500000000018 0.03197916666666663
3 0.3120825 0.8612006578947368 0.005832499999999982 0.01188048245614039
2 0.4954175 0.6889638157894737 0.019167500000000018 0.06396381578947373
