3 0.6960425 0.6026151315789474 0.00625 0.008223684210526315
3 0.6672925000000001 0.6090076754385965 0.00625 0.010049342105263119
3 0.6495825 0.5674342105263158 0.005832499999999982 0.007308114035087679
3 0.6770825 0.5674342105263158 0.006667500000000018 0.009139254385964952
3 0.6566675000000001 0.5322532894736842 0.004167500000000018 0.006398026315789514
3 0.6283325 0.5331688596491229 0.004167500000000018 0.006398026315789514
3 0.55525 0.4769736842105263 0.0055 0.006578947368421052
3 0.50925 0.4605263157894737 0.0045 0.006578947368421052
3 0.4785925 0.25253837719298244 0.0034375 0.004797149122807018
3 0.483905 0.2518530701754386 0.0028125 0.004797149122807018
3 0.5439075 0.32894736842105265 0.0034375 0.004111842105263158
3 0.559845 0.3436842105263158 0.0028125 0.004797149122807018
3 0.5434375 0.34574013157894734 0.003125 0.004797149122807018
3 0.5339075 0.3433388157894737 0.0021875 0.004111842105263158
0 0.5403125 0.4433936403508772 0.009375 0.010964912280701754
2 0.37797000000000003 0.06202302631578947 0.0165625 0.01850328947368421
3 0.41172000000000003 0.08052631578947368 0.0021875 0.004797149122807018
3 0.374375 0.08360745614035088 0.0025 0.005482456140350877
3 0.330625 0.08360745614035088 0.0025 0.005482456140350877
3 0.2984375 0.0921765350877193 0.001875 0.004797149122807018
3 0.2796875 0.09765899122807017 0.0025 0.004797149122807018
2 0.035 0.6431633771929826 0.01375 0.02398574561403509
2 0.0626575 0.5348848684210527 0.0084375 0.014391447368421052
2 0.009375 0.6345942982456141 0.013125 0.01644736842105263
2 0.06672 0.6236293859649122 0.0121875 0.024671052631578948
2 0.0409375 0.5883388157894738 0.006875 0.013020833333333334
2 0.05797 0.5736019736842105 0.0065625 0.012335526315789474
2 0.00922 0.5701754385964912 0.0059375 0.010964912280701754
