0 0.655 0.7387609649122807 0.01125 0.046600877192982455
2 0.6859375 0.8127741228070176 0.048125 0.07949561403508772
2 0.671875 0.7332785087719298 0.01375 0.0356359649122807
3 0.3740625 0.5441337719298246 0.005625 0.010964912280701754
2 0.2465 0.8634868421052632 0.017 0.025219298245614034
2 0.15175 0.8097587719298246 0.0065 0.01644736842105263
3 0.17725 0.4780701754385965 0.0055 0.010964912280701754
3 0.16575 0.4725877192982456 0.0035 0.008771929824561403
3 0.14975 0.46710526315789475 0.0045 0.008771929824561403
3 0.13325 0.4594298245614035 0.0045 0.008771929824561403
3 0.117 0.4512061403508772 0.005 0.009868421052631578
3 0.10075 0.4446271929824561 0.0045 0.007675438596491228
3 0.0845 0.43640350877192985 0.005 0.008771929824561403
3 0.068 0.4303728070175439 0.004 0.007675438596491228
3 0.058 0.5274122807017544 0.005 0.008771929824561403
3 0.08675 0.5476973684210527 0.0045 0.007675438596491228
3 0.07225 0.5350877192982456 0.0025 0.008771929824561403
3 0.1015 0.5592105263157895 0.004 0.006578947368421052
3 0.1155 0.5685307017543859 0.005 0.007675438596491228
3 0.13 0.5816885964912281 0.004 0.005482456140350877
3 0.14375 0.5915570175438597 0.0045 0.007675438596491228
3 0.15725 0.6025219298245614 0.0045 0.005482456140350877
3 0.1605 0.5800438596491229 0.006 0.008771929824561403
3 0.16375 0.5619517543859649 0.0045 0.007675438596491228
3 0.1675 0.5427631578947368 0.004 0.006578947368421052
3 0.16725 0.6211622807017544 0.0045 0.005482456140350877
3 0.179 0.6293859649122807 0.005 0.008771929824561403
3 0.19075 0.6403508771929824 0.0055 0.010964912280701754
3 0.20325 0.649671052631579 0.0045 0.007675438596491228
3 0.22775 0.6683114035087719 0.0055 0.009868421052631578
3 0.241 0.6781798245614035 0.004 0.009868421052631578
3 0.252 0.6858552631578947 0.004 0.009868421052631578
3 0.275 0.7028508771929824 0.005 0.006578947368421052
3 0.28625 0.712171052631579 0.0055 0.007675438596491228
3 0.297 0.7203947368421053 0.005 0.006578947368421052
3 0.31975 0.7412280701754386 0.0045 0.006578947368421052
3 0.30875 0.7308114035087719 0.0045 0.007675438596491228
3 0.2515 0.731359649122807 0.004 0.006578947368421052
3 0.25175 0.7428728070175439 0.0035 0.005482456140350877
3 0.24025 0.7225877192982456 0.0035 0.008771929824561403
3 0.24025 0.7335526315789473 0.0045 0.006578947368421052
3 0.2395 0.743421052631579 0.005 0.006578947368421052
3 0.24975 0.7834429824561403 0.0035 0.007675438596491228
3 0.275555 0.7602357456140352 0.0038899999999999864 0.007308114035087679
3 0.296805 0.7663267543859649 0.00305499999999995 0.00487390350877186
3 0.3179175 0.7620614035087719 0.0025 0.00487390350877186
3 0.3227775 0.7769846491228071 0.0038899999999999864 0.006699561403508662
3 0.329445 0.7517050438596491 0.0027775000000000317 0.006091008771929894
3 0.3 0.8327247807017545 0.0033324999999999817 0.006091008771929894
3 0.30139 0.8062280701754385 0.0027775000000000317 0.006699561403508662
3 0.293055 0.790389254385965 0.0038899999999999864 0.007916666666666697
3 0.310695 0.8068366228070176 0.00194500000000005 0.004265350877193092
3 0.29361000000000004 0.8467324561403509 0.0027775000000000317 0.00487390350877186
3 0.2909725 0.8333333333333334 0.0025 0.00487390350877186
3 0.2859725 0.8470394736842105 0.00305499999999995 0.004265350877193092
3 0.280695 0.829375 0.00305499999999995 0.005482456140350877
3 0.2759725 0.8415570175438597 0.00305499999999995 0.006699561403508662
3 0.28875 0.8598300438596491 0.00305499999999995 0.007916666666666697
3 0.27291750000000004 0.8531304824561403 0.003610000000000014 0.005482456140350877
3 0.35639 0.8330263157894737 0.0033324999999999817 0.005482456140350877
3 0.3533325 0.8421655701754386 0.0027775000000000317 0.005482456140350877
3 0.34861000000000003 0.8558717105263157 0.0027775000000000317 0.006091008771929894
3 0.37194499999999997 0.5342324561403509 0.0038899999999999864 0.006091008771929769
3 0.363195 0.5143530701754385 0.00305499999999995 0.0056469298245613786
3 0.26125 0.8863322368421053 0.00305499999999995 0.007308114035087679
2 0.20389 0.8321162280701754 0.014444999999999993 0.03167763157894748
3 0.0033925 0.42645833333333333 0.0046425 0.007050438596491173
3 0.001375 0.4457236842105263 0.00275 0.005482456140350877
3 0.029285 0.5043859649122807 0.003572499999999998 0.007834429824561383
3 0.0441075 0.5157401315789474 0.003927499999999995 0.008612938596491248
3 0.00125 0.4644407894736842 0.0025 0.0062664473684210876
3 0.003035 0.40021929824561403 0.0039275000000000004 0.0062664473684210876
2 0.325535 0.7581469298245613 0.0125 0.03289473684210526
3 0.8046425 0.8533059210526316 0.015 0.028980263157894808
2 0.38975 0.5093201754385965 0.0165 0.0668859649122807
