3 0.0325 0.6304824561403509 0.00625 0.010964912280701754
2 0.554375 0.3385416666666667 0.03875 0.09046052631578948
2 0.63 0.8792489035087719 0.04125 0.22615131578947367
2 0.7284375 0.5194627192982456 0.076875 0.19462719298245615
2 0.741875 0.3275767543859649 0.08875 0.13432017543859648
2 0.374375 0.8580043859649122 0.04125 0.03289473684210526
0 0.25104249999999995 0.9635416666666666 0.02791750000000002 0.044775219298245655
3 0.17875 0.981359649122807 0.005 0.007308114035087679
2 0.445625 0.8762774122807017 0.025417500000000016 0.04568530701754382
2 0.815 0.9320175438596491 0.06333249999999999 0.1206140350877193
