3 0.40041750000000004 0.6930756578947369 0.008332499999999982 0.015531798245613996
3 0.3875 0.6624616228070175 0.010832499999999981 0.01644736842105263
3 0.3522925 0.5994133771929824 0.01125 0.014621710526315829
3 0.3860425 0.5043859649122807 0.012082499999999982 0.014621710526315829
3 0.4108325 0.7104331140350877 0.0075 0.008223684210526315
3 0.220625 0.6304824561403509 0.009582499999999982 0.012790570175438557
0 0.25479250000000003 0.5199177631578947 0.009582499999999982 0.012790570175438557
3 0.3516675 0.6428179824561403 0.01 0.006398026315789514
3 0.3120825 0.625 0.010832499999999981 0.009139254385964952
2 0.7975 0.3266611842105263 0.02 0.044775219298245655
2 0.70375 0.15579495614035088 0.04083249999999998 0.08132127192982458
2 0.6559375 0.5756578947368421 0.058125 0.09046052631578948
